 (000.000000)  can0  422   [1]  00
 (000.512859)  can0  460   [4]  00 00 AF 0D
 (000.513095)  can0  462   [4]  00 00 AF 0D
 (000.513299)  can0  464   [8]  26 68 AF 02 8D 02 75 00
 (000.999917)  can0  422   [1]  00
 (001.518832)  can0  460   [4]  00 00 AF 0D
 (001.519066)  can0  462   [4]  00 00 AF 0D
 (001.519275)  can0  464   [8]  26 68 AF 02 8D 02 75 00
 (001.999841)  can0  422   [1]  00
 (002.520845)  can0  460   [4]  00 00 AF 0D
 (002.521112)  can0  462   [4]  00 00 AF 0D
 (002.521350)  can0  464   [8]  26 68 AF 02 8D 02 75 00
 (002.999745)  can0  422   [1]  00
 (003.522762)  can0  460   [4]  00 00 AF 0D
 (003.522994)  can0  462   [4]  00 00 AF 0D
 (003.523196)  can0  464   [8]  26 68 AF 02 8D 02 75 00
 (003.999726)  can0  422   [1]  00
 (004.524720)  can0  460   [4]  00 00 AF 0D
 (004.524943)  can0  462   [4]  00 00 AF 0D
 (004.525143)  can0  464   [8]  26 68 AF 02 8D 02 75 00
 (004.999645)  can0  422   [1]  00
 (005.528765)  can0  460   [4]  00 00 B0 0D
 (005.529054)  can0  462   [4]  25 00 B0 0D
 (005.529297)  can0  464   [8]  22 68 AF 02 93 02 75 00
 (005.999548)  can0  422   [1]  00
 (006.532748)  can0  460   [4]  00 00 B0 0D
 (006.532973)  can0  462   [4]  12 00 B0 0D
 (006.533171)  can0  464   [8]  20 68 AF 02 96 02 75 00
 (006.999487)  can0  422   [1]  00
 (007.542622)  can0  460   [4]  00 00 B0 0D
 (007.542857)  can0  462   [4]  00 00 B0 0D
 (007.543056)  can0  464   [8]  1F 68 AF 02 97 02 75 00
 (007.999335)  can0  422   [1]  00
 (008.546587)  can0  460   [4]  00 00 B0 0D
 (008.546808)  can0  462   [4]  00 00 B0 0D
 (008.547010)  can0  464   [8]  1F 68 AF 02 97 02 75 00
 (008.999246)  can0  422   [1]  00
 (009.548558)  can0  460   [4]  00 00 B0 0D
 (009.548786)  can0  462   [4]  00 00 B0 0D
 (009.548991)  can0  464   [8]  1F 68 AF 02 97 02 75 00
 (009.999155)  can0  422   [1]  00
 (010.554571)  can0  460   [4]  00 00 B0 0D
 (010.554842)  can0  462   [4]  00 00 B0 0D
 (010.555077)  can0  464   [8]  1E 68 AF 02 97 02 75 00
 (010.999140)  can0  422   [1]  00
