 (000.000000)  can0  422   [1]  00
 (000.999996)  can0  422   [1]  00
 (001.999979)  can0  422   [1]  00
 (002.999939)  can0  422   [1]  00
 (003.999921)  can0  422   [1]  00
 (004.999885)  can0  422   [1]  00
 (005.999860)  can0  422   [1]  00
 (006.999839)  can0  422   [1]  00
 (007.999835)  can0  422   [1]  00
 (008.999792)  can0  422   [1]  00
 (009.999789)  can0  422   [1]  00
 (010.999763)  can0  422   [1]  00
 (011.999726)  can0  422   [1]  00
 (012.999705)  can0  422   [1]  00
 (013.999681)  can0  422   [1]  00
 (014.999661)  can0  422   [1]  00
 (015.999655)  can0  422   [1]  00
 (016.999609)  can0  422   [1]  00
 (017.999594)  can0  422   [1]  00
 (018.999563)  can0  422   [1]  00
 (019.999536)  can0  422   [1]  00
 (020.999520)  can0  422   [1]  00
 (021.999492)  can0  422   [1]  00
 (022.999469)  can0  422   [1]  00
 (023.999442)  can0  422   [1]  00
 (024.999419)  can0  422   [1]  00
 (025.999393)  can0  422   [1]  00
 (026.999372)  can0  422   [1]  00
 (027.999355)  can0  422   [1]  00
 (028.999325)  can0  422   [1]  00
 (029.999295)  can0  422   [1]  00
 (030.999270)  can0  422   [1]  00
 (031.999248)  can0  422   [1]  00
 (032.999233)  can0  422   [1]  00
 (033.999193)  can0  422   [1]  00
 (034.999182)  can0  422   [1]  00
 (035.999146)  can0  422   [1]  00
 (036.999126)  can0  422   [1]  00
 (067.087475)  can0  460   [4]  00 00 C3 0D
 (067.087697)  can0  462   [4]  DF 06 C3 0D
 (067.087893)  can0  464   [8]  B0 67 AF 02 48 03 75 00
 (068.101325)  can0  460   [4]  00 00 C5 0D
 (068.101555)  can0  462   [4]  4A 00 C5 0D
 (068.101763)  can0  464   [8]  A7 67 AF 02 6B 03 75 00
 (069.113187)  can0  460   [4]  71 01 C8 0D
 (069.113416)  can0  462   [4]  72 01 C8 0D
 (069.113616)  can0  464   [8]  9A 67 AF 02 9A 03 75 00
 (070.119373)  can0  460   [4]  B8 00 CA 0D
 (070.119600)  can0  462   [4]  C9 05 CA 0D
 (070.119794)  can0  464   [8]  91 67 AF 02 B7 03 75 00
 (071.127392)  can0  460   [4]  00 00 CD 0D
 (071.127622)  can0  462   [4]  D5 03 CD 0D
 (071.127830)  can0  464   [8]  86 67 AF 02 D2 03 75 00
 (072.139416)  can0  460   [4]  00 00 CE 0D
 (072.139641)  can0  462   [4]  BC 01 CE 0D
 (072.139835)  can0  464   [8]  80 67 AF 02 DF 03 75 00
 (073.047438)  can0  460   [4]  00 00 CF 0D
 (073.047666)  can0  462   [4]  2E 03 CF 0D
 (073.047857)  can0  464   [8]  7A 67 AF 02 EC 03 75 00
 (074.059991)  can0  460   [4]  00 00 D0 0D
 (074.060227)  can0  462   [4]  F0 00 D0 0D
 (074.060423)  can0  464   [8]  77 67 AF 02 F5 03 75 00
 (075.069214)  can0  460   [4]  00 00 D0 0D
 (075.069452)  can0  462   [4]  00 00 D0 0D
 (075.069660)  can0  464   [8]  75 67 AF 02 F9 03 75 00
 (076.083327)  can0  460   [4]  00 00 D1 0D
 (076.083541)  can0  462   [4]  12 00 D1 0D
 (076.083736)  can0  464   [8]  72 67 AF 02 FF 03 75 00
 (077.095538)  can0  460   [4]  00 00 D1 0D
 (077.095769)  can0  462   [4]  DE 00 D1 0D
 (077.095971)  can0  464   [8]  70 67 AF 02 05 04 75 00
 (078.105275)  can0  460   [4]  47 00 D1 0D
 (078.105503)  can0  462   [4]  4A 00 D1 0D
 (078.105712)  can0  464   [8]  6E 67 AF 02 07 04 75 00
 (079.119578)  can0  460   [4]  00 00 D3 0D
 (079.119795)  can0  462   [4]  3A 01 D3 0D
 (079.120001)  can0  464   [8]  65 67 AF 02 15 04 75 00
 (080.129596)  can0  460   [4]  00 00 D3 0D
 (080.129830)  can0  462   [4]  5F 01 D3 0D
 (080.130037)  can0  464   [8]  61 67 AF 02 1C 04 75 00
 (081.139343)  can0  460   [4]  21 01 D4 0D
 (081.139553)  can0  462   [4]  4D 01 D4 0D
 (081.139745)  can0  464   [8]  5C 67 AF 02 23 04 75 00
 (082.051898)  can0  460   [4]  19 00 D5 0D
 (082.052134)  can0  462   [4]  4A 00 D5 0D
 (082.052326)  can0  464   [8]  59 67 AF 02 28 04 75 00
 (083.069395)  can0  460   [4]  30 00 D5 0D
 (083.069616)  can0  462   [4]  5C 00 D5 0D
 (083.069810)  can0  464   [8]  56 67 AF 02 2D 04 75 00
 (084.079417)  can0  460   [4]  DA 00 D6 0D
 (084.079643)  can0  462   [4]  DE 00 D6 0D
 (084.079848)  can0  464   [8]  53 67 AF 02 32 04 75 00
 (085.087543)  can0  460   [4]  9B 00 D6 0D
 (085.087777)  can0  462   [4]  A6 00 D6 0D
 (085.087971)  can0  464   [8]  52 67 AF 02 35 04 75 00
 (086.095739)  can0  460   [4]  00 00 D6 0D
 (086.095970)  can0  462   [4]  DE 00 D6 0D
 (086.096167)  can0  464   [8]  50 67 AF 02 3A 04 75 00
 (098.997593)  can0  422   [1]  00
 (099.130024)  can0  460   [4]  15 01 06 0E
 (099.130376)  can0  462   [4]  A9 01 06 0E
 (099.130646)  can0  464   [8]  C8 67 AF 02 12 09 75 00
 (099.997574)  can0  422   [1]  00
 (100.138469)  can0  460   [4]  60 00 06 0E
 (100.138826)  can0  462   [4]  94 00 06 0E
 (100.139066)  can0  464   [8]  C9 67 AF 02 17 09 75 00
 (100.997535)  can0  422   [1]  00
 (101.042087)  can0  460   [4]  28 00 06 0E
 (101.042431)  can0  462   [4]  37 00 06 0E
 (101.042671)  can0  464   [8]  C9 67 AF 02 19 09 75 00
 (101.997522)  can0  422   [1]  00
 (102.051820)  can0  460   [4]  0D 00 06 0E
 (102.052174)  can0  462   [4]  12 00 06 0E
 (102.052422)  can0  464   [8]  C9 67 AF 02 1A 09 75 00
 (102.997498)  can0  422   [1]  00
 (103.060053)  can0  460   [4]  00 00 06 0E
 (103.060261)  can0  462   [4]  00 00 06 0E
 (103.060449)  can0  464   [8]  C9 67 AF 02 1A 09 75 00
 (103.997466)  can0  422   [1]  00
 (104.070068)  can0  460   [4]  00 00 06 0E
 (104.070278)  can0  462   [4]  00 00 06 0E
 (104.070469)  can0  464   [8]  C9 67 AF 02 1A 09 75 00
 (104.997442)  can0  422   [1]  00
 (105.997413)  can0  422   [1]  00
 (106.997389)  can0  422   [1]  00
 (107.997370)  can0  422   [1]  00
 (108.997339)  can0  422   [1]  00
 (109.997316)  can0  422   [1]  00
 (110.997290)  can0  422   [1]  00
 (111.997262)  can0  422   [1]  00
 (112.997258)  can0  422   [1]  00
 (113.997216)  can0  422   [1]  00
 (114.997201)  can0  422   [1]  00
 (115.997166)  can0  422   [1]  00
 (116.997142)  can0  422   [1]  00
 (117.997117)  can0  422   [1]  00
 (118.997095)  can0  422   [1]  00
 (119.997075)  can0  422   [1]  00
 (120.997046)  can0  422   [1]  00
 (121.997022)  can0  422   [1]  00
 (122.996988)  can0  422   [1]  00
 (123.996973)  can0  422   [1]  00
 (124.996958)  can0  422   [1]  00
 (125.996921)  can0  422   [1]  00
 (126.996893)  can0  422   [1]  00
 (127.996872)  can0  422   [1]  00
 (128.996843)  can0  422   [1]  00
 (129.996832)  can0  422   [1]  00
 (130.996798)  can0  422   [1]  00
 (131.996777)  can0  422   [1]  00
 (132.996747)  can0  422   [1]  00
 (133.996724)  can0  422   [1]  00
 (134.996703)  can0  422   [1]  00
 (135.996675)  can0  422   [1]  00
 (136.996673)  can0  422   [1]  00
 (137.996623)  can0  422   [1]  00
 (138.996612)  can0  422   [1]  00
 (139.996575)  can0  422   [1]  00
 (140.996553)  can0  422   [1]  00
 (141.996537)  can0  422   [1]  00
 (142.996501)  can0  422   [1]  00
 (143.996476)  can0  422   [1]  00
 (144.996452)  can0  422   [1]  00
 (145.996424)  can0  422   [1]  00
 (146.996409)  can0  422   [1]  00
 (147.996378)  can0  422   [1]  00
 (148.083937)  can0  460   [4]  00 00 06 0E
 (148.085964)  can0  462   [4]  00 00 06 0E
 (148.086213)  can0  464   [8]  C9 67 AF 02 1D 09 75 00
 (148.996359)  can0  422   [1]  00
 (149.091755)  can0  460   [4]  00 00 06 0E
 (149.092084)  can0  462   [4]  00 00 06 0E
 (149.092325)  can0  464   [8]  C9 67 AF 02 1E 09 75 00
 (149.996325)  can0  422   [1]  00
 (150.096934)  can0  460   [4]  00 00 06 0E
 (150.097159)  can0  462   [4]  00 00 06 0E
 (150.097361)  can0  464   [8]  C9 67 AF 02 1E 09 75 00
 (150.097704)  can0  468   [2]  D1 00
 (150.996300)  can0  422   [1]  00
 (151.103815)  can0  460   [4]  00 00 06 0E
 (151.104045)  can0  462   [4]  00 00 06 0E
 (151.104240)  can0  464   [8]  C9 67 AF 02 1E 09 75 00
 (151.996274)  can0  422   [1]  00
 (152.112922)  can0  460   [4]  00 00 06 0E
 (152.113137)  can0  462   [4]  00 00 06 0E
 (152.113337)  can0  464   [8]  C9 67 AF 02 1E 09 75 00
 (152.113752)  can0  468   [2]  C8 00
 (152.996250)  can0  422   [1]  00
 (153.119975)  can0  460   [4]  00 00 06 0E
 (153.120189)  can0  462   [4]  00 00 06 0E
 (153.120386)  can0  464   [8]  C9 67 AF 02 1E 09 75 00
 (153.996236)  can0  422   [1]  00
 (154.123021)  can0  460   [4]  00 00 06 0E
 (154.123236)  can0  462   [4]  00 00 06 0E
 (154.123427)  can0  464   [8]  C9 67 AF 02 1E 09 75 00
 (154.123813)  can0  468   [2]  C8 00
 (154.996202)  can0  422   [1]  00
 (155.132079)  can0  460   [4]  00 00 06 0E
 (155.132308)  can0  462   [4]  00 00 06 0E
 (155.132519)  can0  464   [8]  C9 67 AF 02 1E 09 75 00
 (155.996177)  can0  422   [1]  00
 (156.136101)  can0  460   [4]  00 00 06 0E
 (156.136320)  can0  462   [4]  00 00 06 0E
 (156.136522)  can0  464   [8]  C9 67 AF 02 1E 09 75 00
 (156.996149)  can0  422   [1]  00
 (157.142441)  can0  460   [4]  00 00 06 0E
 (157.142796)  can0  462   [4]  00 00 06 0E
 (157.143035)  can0  464   [8]  C9 67 AF 02 1E 09 75 00
 (157.996130)  can0  422   [1]  00
 (158.048158)  can0  460   [4]  00 00 06 0E
 (158.048382)  can0  462   [4]  00 00 06 0E
 (158.048576)  can0  464   [8]  C9 67 AF 02 1E 09 75 00
 (158.996124)  can0  422   [1]  00
 (159.052091)  can0  460   [4]  00 00 04 0E
 (159.052318)  can0  462   [4]  5C 00 04 0E
 (159.052539)  can0  464   [8]  C9 67 AF 02 E7 08 75 00
 (159.996080)  can0  422   [1]  00
 (160.058212)  can0  460   [4]  EE 00 D6 0D
 (160.058436)  can0  462   [4]  F0 00 D6 0D
 (160.058643)  can0  464   [8]  C9 67 AF 02 27 05 75 00
 (161.068294)  can0  460   [4]  EA 00 D6 0D
 (161.068508)  can0  462   [4]  03 01 D6 0D
 (161.068718)  can0  464   [8]  CA 67 AF 02 27 05 75 00
 (161.996026)  can0  422   [1]  00
 (162.996005)  can0  422   [1]  00
 (163.995990)  can0  422   [1]  00
 (164.995956)  can0  422   [1]  00
 (178.149905)  can0  460   [4]  63 00 D7 0D
 (178.150136)  can0  462   [4]  03 01 D7 0D
 (178.150697)  can0  464   [8]  CA 67 AF 02 2B 05 75 00
 (179.130708)  can0  460   [4]  00 00 03 0E
 (179.130924)  can0  462   [4]  DE 00 03 0E
 (179.131120)  can0  464   [8]  5D 67 AF 02 13 08 75 00
 (180.140733)  can0  460   [4]  00 00 06 0E
 (180.140963)  can0  462   [4]  D5 03 06 0E
 (180.141165)  can0  464   [8]  45 67 AF 02 22 08 75 00
 (181.049096)  can0  460   [4]  DC 00 03 0E
 (181.049320)  can0  462   [4]  84 01 03 0E
 (181.049522)  can0  464   [8]  6C 67 AF 02 21 08 75 00
 (182.056948)  can0  460   [4]  08 00 02 0E
 (182.057170)  can0  462   [4]  DE 00 02 0E
 (182.057368)  can0  464   [8]  6F 67 AF 02 1F 08 75 00
 (183.066797)  can0  460   [4]  00 00 02 0E
 (183.067030)  can0  462   [4]  DE 00 02 0E
 (183.067233)  can0  464   [8]  73 67 AF 02 1D 08 75 00
 (184.074840)  can0  460   [4]  00 00 01 0E
 (184.075077)  can0  462   [4]  CB 00 01 0E
 (184.075275)  can0  464   [8]  76 67 AF 02 1B 08 75 00
 (185.086838)  can0  460   [4]  95 00 02 0E
 (185.087067)  can0  462   [4]  DE 00 02 0E
 (185.087277)  can0  464   [8]  6F 67 AF 02 19 08 75 00
 (186.098699)  can0  460   [4]  04 00 02 0E
 (186.098922)  can0  462   [4]  6F 00 02 0E
 (186.099130)  can0  464   [8]  6A 67 AF 02 18 08 75 00
 (187.108721)  can0  460   [4]  35 00 03 0E
 (187.108940)  can0  462   [4]  37 00 03 0E
 (187.109137)  can0  464   [8]  67 67 AF 02 17 08 75 00
 (188.116755)  can0  460   [4]  34 00 03 0E
 (188.117002)  can0  462   [4]  37 00 03 0E
 (188.117201)  can0  464   [8]  64 67 AF 02 16 08 75 00
 (189.128931)  can0  460   [4]  12 00 03 0E
 (189.129161)  can0  462   [4]  12 00 03 0E
 (189.129370)  can0  464   [8]  62 67 AF 02 16 08 75 00
 (190.136944)  can0  460   [4]  39 00 03 0E
 (190.137170)  can0  462   [4]  6F 00 03 0E
 (190.137363)  can0  464   [8]  5E 67 AF 02 14 08 75 00
 (191.047324)  can0  460   [4]  00 00 03 0E
 (191.047542)  can0  462   [4]  4A 00 03 0E
 (191.047735)  can0  464   [8]  5B 67 AF 02 13 08 75 00
 (192.057000)  can0  460   [4]  10 00 04 0E
 (192.057212)  can0  462   [4]  37 00 04 0E
 (192.057403)  can0  464   [8]  57 67 AF 02 12 08 75 00
 (193.068855)  can0  460   [4]  00 00 04 0E
 (193.069072)  can0  462   [4]  81 00 04 0E
 (193.069264)  can0  464   [8]  53 67 AF 02 12 08 75 00
 (194.083069)  can0  460   [4]  00 00 04 0E
 (194.083289)  can0  462   [4]  A6 00 04 0E
 (194.083483)  can0  464   [8]  4F 67 AF 02 11 08 75 00
 (195.092795)  can0  460   [4]  00 00 05 0E
 (195.093008)  can0  462   [4]  00 00 05 0E
 (195.093203)  can0  464   [8]  4E 67 AF 02 11 08 75 00
 (196.101087)  can0  460   [4]  00 00 03 0E
 (196.101301)  can0  462   [4]  CB 00 03 0E
 (196.101493)  can0  464   [8]  5D 67 AF 02 11 08 75 00
 (197.110946)  can0  460   [4]  00 00 04 0E
 (197.111159)  can0  462   [4]  DE 00 04 0E
 (197.111351)  can0  464   [8]  56 67 AF 02 0F 08 75 00
 (198.116880)  can0  460   [4]  00 00 04 0E
 (198.117094)  can0  462   [4]  CB 00 04 0E
 (198.117299)  can0  464   [8]  50 67 AF 02 0E 08 75 00
 (199.124892)  can0  460   [4]  E4 00 05 0E
 (199.125103)  can0  462   [4]  F0 00 05 0E
 (199.125298)  can0  464   [8]  4C 67 AF 02 0E 08 75 00
 (200.129183)  can0  460   [4]  00 00 05 0E
 (200.129394)  can0  462   [4]  5C 00 05 0E
 (200.129588)  can0  464   [8]  48 67 AF 02 0E 08 75 00
 (201.137301)  can0  460   [4]  00 00 05 0E
 (201.137525)  can0  462   [4]  A6 00 05 0E
 (201.137719)  can0  464   [8]  45 67 AF 02 0E 08 75 00
 (202.043675)  can0  460   [4]  00 00 05 0E
 (202.043893)  can0  462   [4]  5C 00 05 0E
 (202.044086)  can0  464   [8]  44 67 AF 02 0E 08 75 00
 (203.051326)  can0  460   [4]  00 00 05 0E
 (203.051534)  can0  462   [4]  4A 00 05 0E
 (203.051726)  can0  464   [8]  43 67 AF 02 0E 08 75 00
 (204.055350)  can0  460   [4]  00 00 05 0E
 (204.055560)  can0  462   [4]  25 00 05 0E
 (204.055752)  can0  464   [8]  42 67 AF 02 0D 08 75 00
 (205.061556)  can0  460   [4]  00 00 07 0E
 (205.061762)  can0  462   [4]  09 03 07 0E
 (205.061951)  can0  464   [8]  2D 67 AF 02 0B 08 75 00
 (206.067396)  can0  460   [4]  00 00 09 0E
 (206.067608)  can0  462   [4]  E8 03 09 0E
 (206.067803)  can0  464   [8]  13 67 AF 02 0A 08 75 00
 (207.073334)  can0  460   [4]  3F 01 0B 0E
 (207.073550)  can0  462   [4]  53 03 0B 0E
 (207.073743)  can0  464   [8]  FC 66 AF 02 09 08 75 00
 (208.077448)  can0  460   [4]  00 00 0D 0E
 (208.077666)  can0  462   [4]  D2 02 0D 0E
 (208.077859)  can0  464   [8]  E9 66 AF 02 08 08 75 00
 (209.081379)  can0  460   [4]  00 00 0F 0E
 (209.081589)  can0  462   [4]  8B 03 0F 0E
 (209.081781)  can0  464   [8]  D2 66 AF 02 06 08 75 00
 (210.087492)  can0  460   [4]  00 00 11 0E
 (210.087704)  can0  462   [4]  09 03 11 0E
 (210.087895)  can0  464   [8]  BD 66 AF 02 04 08 75 00
 (211.095428)  can0  460   [4]  77 00 13 0E
 (211.095636)  can0  462   [4]  1C 03 13 0E
 (211.095825)  can0  464   [8]  A9 66 AF 02 0A 08 75 00
