 (000.000000)  can0  422   [1]  00
 (000.999966)  can0  422   [1]  00
 (001.999957)  can0  422   [1]  00
 (002.999911)  can0  422   [1]  00
 (003.999925)  can0  422   [1]  00
 (004.999855)  can0  422   [1]  00
 (005.999825)  can0  422   [1]  00
 (006.999795)  can0  422   [1]  00
 (007.999760)  can0  422   [1]  00
 (008.999737)  can0  422   [1]  00
 (009.999706)  can0  422   [1]  00
 (010.999677)  can0  422   [1]  00
 (011.999662)  can0  422   [1]  00
 (012.999628)  can0  422   [1]  00
 (013.999590)  can0  422   [1]  00
 (014.999556)  can0  422   [1]  00
 (015.999528)  can0  422   [1]  00
 (016.999504)  can0  422   [1]  00
 (017.999476)  can0  422   [1]  00
 (018.999440)  can0  422   [1]  00
 (019.999409)  can0  422   [1]  00
 (020.999381)  can0  422   [1]  00
 (021.999355)  can0  422   [1]  00
 (022.999318)  can0  422   [1]  00
 (023.999295)  can0  422   [1]  00
 (024.999265)  can0  422   [1]  00
 (025.999234)  can0  422   [1]  00
 (026.999206)  can0  422   [1]  00
 (027.999175)  can0  422   [1]  00
 (028.999151)  can0  422   [1]  00
 (029.999117)  can0  422   [1]  00
 (030.999089)  can0  422   [1]  00
 (031.999064)  can0  422   [1]  00
 (032.999030)  can0  422   [1]  00
 (033.999000)  can0  422   [1]  00
 (034.998970)  can0  422   [1]  00
 (035.998944)  can0  422   [1]  00
 (036.998909)  can0  422   [1]  00
 (037.998883)  can0  422   [1]  00
 (038.998842)  can0  422   [1]  00
 (039.998816)  can0  422   [1]  00
 (040.998786)  can0  422   [1]  00
 (041.998757)  can0  422   [1]  00
 (042.998734)  can0  422   [1]  00
 (043.998696)  can0  422   [1]  00
 (044.998666)  can0  422   [1]  00
 (045.998635)  can0  422   [1]  00
 (046.998611)  can0  422   [1]  00
 (047.998591)  can0  422   [1]  00
 (048.998545)  can0  422   [1]  00
 (049.998530)  can0  422   [1]  00
 (050.998489)  can0  422   [1]  00
 (051.998457)  can0  422   [1]  00
 (052.998424)  can0  422   [1]  00
 (053.998395)  can0  422   [1]  00
 (054.998370)  can0  422   [1]  00
 (055.998340)  can0  422   [1]  00
 (056.998309)  can0  422   [1]  00
 (057.998286)  can0  422   [1]  00
 (058.998248)  can0  422   [1]  00
 (059.998218)  can0  422   [1]  00
 (060.998194)  can0  422   [1]  00
 (061.998161)  can0  422   [1]  00
 (062.998128)  can0  422   [1]  00
 (063.998105)  can0  422   [1]  00
 (064.998081)  can0  422   [1]  00
 (065.998042)  can0  422   [1]  00
 (066.998010)  can0  422   [1]  00
 (067.997980)  can0  422   [1]  00
 (068.997950)  can0  422   [1]  00
 (069.997919)  can0  422   [1]  00
 (070.997889)  can0  422   [1]  00
 (071.997858)  can0  422   [1]  00
 (072.997831)  can0  422   [1]  00
 (073.997799)  can0  422   [1]  00
 (074.997767)  can0  422   [1]  00
 (075.997738)  can0  422   [1]  00
 (076.997719)  can0  422   [1]  00
 (077.997680)  can0  422   [1]  00
 (078.997649)  can0  422   [1]  00
 (079.997622)  can0  422   [1]  00
 (080.997590)  can0  422   [1]  00
 (081.997562)  can0  422   [1]  00
 (082.997535)  can0  422   [1]  00
 (083.997507)  can0  422   [1]  00
 (084.997471)  can0  422   [1]  00
 (085.997439)  can0  422   [1]  00
 (086.997407)  can0  422   [1]  00
 (087.997382)  can0  422   [1]  00
 (088.997351)  can0  422   [1]  00
 (089.997341)  can0  422   [1]  00
 (090.997291)  can0  422   [1]  00
 (091.997259)  can0  422   [1]  00
 (092.997230)  can0  422   [1]  00
 (093.997209)  can0  422   [1]  00
 (094.997173)  can0  422   [1]  00
 (095.997149)  can0  422   [1]  00
 (096.997116)  can0  422   [1]  00
 (097.997096)  can0  422   [1]  00
 (098.997051)  can0  422   [1]  00
 (099.997018)  can0  422   [1]  00
 (100.996990)  can0  422   [1]  00
 (101.996963)  can0  422   [1]  00
 (102.996935)  can0  422   [1]  00
 (103.996899)  can0  422   [1]  00
 (104.996868)  can0  422   [1]  00
 (105.996842)  can0  422   [1]  00
 (106.996811)  can0  422   [1]  00
 (107.996782)  can0  422   [1]  00
 (108.996749)  can0  422   [1]  00
 (109.996720)  can0  422   [1]  00
 (110.996687)  can0  422   [1]  00
 (111.996658)  can0  422   [1]  00
 (112.996640)  can0  422   [1]  00
 (113.996599)  can0  422   [1]  00
 (114.996565)  can0  422   [1]  00
 (115.996537)  can0  422   [1]  00
 (116.996510)  can0  422   [1]  00
 (117.996484)  can0  422   [1]  00
 (118.996447)  can0  422   [1]  00
 (119.996416)  can0  422   [1]  00
 (120.996387)  can0  422   [1]  00
 (121.996358)  can0  422   [1]  00
 (122.996332)  can0  422   [1]  00
 (123.996296)  can0  422   [1]  00
 (124.996272)  can0  422   [1]  00
 (125.996234)  can0  422   [1]  00
 (126.996209)  can0  422   [1]  00
 (127.996186)  can0  422   [1]  00
 (128.996151)  can0  422   [1]  00
 (129.996147)  can0  422   [1]  00
 (130.996086)  can0  422   [1]  00
 (131.996061)  can0  422   [1]  00
 (132.996028)  can0  422   [1]  00
 (133.995997)  can0  422   [1]  00
 (134.995978)  can0  422   [1]  00
 (135.995939)  can0  422   [1]  00
 (136.995903)  can0  422   [1]  00
 (137.995876)  can0  422   [1]  00
 (138.995845)  can0  422   [1]  00
 (139.995820)  can0  422   [1]  00
 (140.995790)  can0  422   [1]  00
 (141.995761)  can0  422   [1]  00
 (142.995730)  can0  422   [1]  00
 (143.995699)  can0  422   [1]  00
 (144.995668)  can0  422   [1]  00
 (145.995639)  can0  422   [1]  00
 (146.995616)  can0  422   [1]  00
 (147.995575)  can0  422   [1]  00
 (148.995547)  can0  422   [1]  00
 (149.995514)  can0  422   [1]  00
 (150.995489)  can0  422   [1]  00
 (151.995471)  can0  422   [1]  00
 (152.995424)  can0  422   [1]  00
 (153.995397)  can0  422   [1]  00
 (154.995366)  can0  422   [1]  00
 (155.995333)  can0  422   [1]  00
 (156.995309)  can0  422   [1]  00
 (157.995278)  can0  422   [1]  00
 (158.995253)  can0  422   [1]  00
 (159.995216)  can0  422   [1]  00
 (160.995192)  can0  422   [1]  00
 (161.995157)  can0  422   [1]  00
 (162.995127)  can0  422   [1]  00
 (163.995103)  can0  422   [1]  00
 (164.995065)  can0  422   [1]  00
 (165.995037)  can0  422   [1]  00
 (166.995005)  can0  422   [1]  00
 (167.994975)  can0  422   [1]  00
 (168.994957)  can0  422   [1]  00
 (169.994917)  can0  422   [1]  00
 (170.994886)  can0  422   [1]  00
 (171.994854)  can0  422   [1]  00
 (172.994828)  can0  422   [1]  00
 (173.994800)  can0  422   [1]  00
 (174.994766)  can0  422   [1]  00
 (175.994743)  can0  422   [1]  00
 (176.994706)  can0  422   [1]  00
 (177.994675)  can0  422   [1]  00
 (178.994643)  can0  422   [1]  00
 (179.994613)  can0  422   [1]  00
 (180.994593)  can0  422   [1]  00
 (181.994557)  can0  422   [1]  00
 (182.994524)  can0  422   [1]  00
 (183.994497)  can0  422   [1]  00
 (184.994466)  can0  422   [1]  00
 (185.994437)  can0  422   [1]  00
 (186.994399)  can0  422   [1]  00
 (187.994379)  can0  422   [1]  00
 (188.994344)  can0  422   [1]  00
 (189.994315)  can0  422   [1]  00
 (190.994282)  can0  422   [1]  00
 (191.994256)  can0  422   [1]  00
 (192.994233)  can0  422   [1]  00
 (193.994193)  can0  422   [1]  00
 (194.994167)  can0  422   [1]  00
 (195.994138)  can0  422   [1]  00
 (196.994108)  can0  422   [1]  00
 (197.994076)  can0  422   [1]  00
 (198.994046)  can0  422   [1]  00
 (199.994013)  can0  422   [1]  00
 (200.993984)  can0  422   [1]  00
 (201.993959)  can0  422   [1]  00
 (202.993945)  can0  422   [1]  00
 (203.993896)  can0  422   [1]  00
 (204.993869)  can0  422   [1]  00
 (205.993834)  can0  422   [1]  00
 (206.993805)  can0  422   [1]  00
 (207.993774)  can0  422   [1]  00
 (208.993741)  can0  422   [1]  00
 (209.993723)  can0  422   [1]  00
 (210.993686)  can0  422   [1]  00
 (211.993653)  can0  422   [1]  00
 (212.993623)  can0  422   [1]  00
 (213.993601)  can0  422   [1]  00
 (214.993578)  can0  422   [1]  00
 (215.993534)  can0  422   [1]  00
 (216.993512)  can0  422   [1]  00
 (217.993478)  can0  422   [1]  00
 (218.993448)  can0  422   [1]  00
 (219.993413)  can0  422   [1]  00
 (220.993389)  can0  422   [1]  00
 (221.993360)  can0  422   [1]  00
 (222.993327)  can0  422   [1]  00
 (223.993292)  can0  422   [1]  00
