 (000.000000)  can0  422   [1]  00
 (001.000003)  can0  422   [1]  00
 (002.000016)  can0  422   [1]  00
 (003.000025)  can0  422   [1]  00
 (004.000057)  can0  422   [1]  00
 (005.000049)  can0  422   [1]  00
 (006.000058)  can0  422   [1]  00
 (007.000080)  can0  422   [1]  00
 (008.000098)  can0  422   [1]  00
 (009.000079)  can0  422   [1]  00
 (010.000100)  can0  422   [1]  00
 (011.000109)  can0  422   [1]  00
 (012.000103)  can0  422   [1]  00
 (013.000117)  can0  422   [1]  00
 (014.000127)  can0  422   [1]  00
 (015.000132)  can0  422   [1]  00
 (016.000160)  can0  422   [1]  00
 (017.000145)  can0  422   [1]  00
 (018.000151)  can0  422   [1]  00
 (019.000184)  can0  422   [1]  00
 (020.000215)  can0  422   [1]  00
 (021.000198)  can0  422   [1]  00
 (022.000199)  can0  422   [1]  00
 (023.000206)  can0  422   [1]  00
 (024.000232)  can0  422   [1]  00
 (025.000239)  can0  422   [1]  00
 (026.000243)  can0  422   [1]  00
 (027.000245)  can0  422   [1]  00
 (028.000258)  can0  422   [1]  00
 (029.000265)  can0  422   [1]  00
 (030.000262)  can0  422   [1]  00
 (031.000270)  can0  422   [1]  00
 (032.000273)  can0  422   [1]  00
 (033.000290)  can0  422   [1]  00
 (034.000300)  can0  422   [1]  00
 (035.000304)  can0  422   [1]  00
