 (000.000000)  can0  460   [4]  00 00 54 01
 (000.000213)  can0  462   [4]  4C 0C 54 01
 (000.000408)  can0  464   [8]  F2 75 AF 02 31 03 75 00
 (001.022087)  can0  460   [4]  00 00 5D 01
 (001.022299)  can0  462   [4]  F3 0C 5D 01
 (001.022486)  can0  464   [8]  43 76 AF 02 31 03 75 00
 (002.039926)  can0  460   [4]  00 00 66 01
 (002.040143)  can0  462   [4]  87 0D 66 01
 (002.040332)  can0  464   [8]  98 76 AF 02 32 03 75 00
 (003.054125)  can0  460   [4]  00 00 70 01
 (003.054343)  can0  462   [4]  1B 0E 70 01
 (003.054538)  can0  464   [8]  F1 76 AF 02 32 03 75 00
 (004.070149)  can0  460   [4]  00 00 7A 01
 (004.070363)  can0  462   [4]  AF 0E 7A 01
 (004.070556)  can0  464   [8]  4D 77 AF 02 32 03 75 00
 (005.088071)  can0  460   [4]  00 00 85 01
 (005.088276)  can0  462   [4]  1E 0F 85 01
 (005.088464)  can0  464   [8]  AD 77 AF 02 33 03 75 00
 (006.000003)  can0  460   [4]  00 00 90 01
 (006.000212)  can0  462   [4]  A0 0F 90 01
 (006.000399)  can0  464   [8]  0F 78 AF 02 33 03 75 00
 (007.020190)  can0  460   [4]  00 00 9B 01
 (007.020408)  can0  462   [4]  0F 10 9B 01
 (007.020604)  can0  464   [8]  74 78 AF 02 34 03 75 00
 (008.039940)  can0  460   [4]  00 00 9C 01
 (008.040158)  can0  462   [4]  3A 01 9C 01
 (008.040359)  can0  464   [8]  7B 78 AF 02 34 03 75 00
 (009.056126)  can0  460   [4]  00 00 9D 01
 (009.056347)  can0  462   [4]  72 01 9D 01
 (009.056545)  can0  464   [8]  84 78 AF 02 34 03 75 00
 (010.070092)  can0  460   [4]  00 00 9E 01
 (010.070308)  can0  462   [4]  97 01 9E 01
 (010.070505)  can0  464   [8]  8E 78 AF 02 34 03 75 00
 (011.089981)  can0  460   [4]  00 00 9E 01
 (011.090195)  can0  462   [4]  5C 00 9E 01
 (011.090400)  can0  464   [8]  90 78 AF 02 34 03 75 00
 (012.006008)  can0  460   [4]  00 00 9E 01
 (012.006229)  can0  462   [4]  25 00 9E 01
 (012.006426)  can0  464   [8]  91 78 AF 02 34 03 75 00
 (013.025852)  can0  460   [4]  00 00 9E 01
 (013.026071)  can0  462   [4]  12 00 9E 01
 (013.026269)  can0  464   [8]  91 78 AF 02 34 03 75 00
 (014.046038)  can0  460   [4]  00 00 9E 01
 (014.046258)  can0  462   [4]  12 00 9E 01
 (014.046459)  can0  464   [8]  92 78 AF 02 34 03 75 00
 (015.062050)  can0  460   [4]  00 00 9E 01
 (015.062267)  can0  462   [4]  12 00 9E 01
 (015.062468)  can0  464   [8]  92 78 AF 02 34 03 75 00
 (016.077902)  can0  460   [4]  00 00 9E 01
 (016.078114)  can0  462   [4]  12 00 9E 01
 (016.078316)  can0  464   [8]  92 78 AF 02 34 03 75 00
 (017.096092)  can0  460   [4]  00 00 9E 01
 (017.096316)  can0  462   [4]  12 00 9E 01
 (017.096514)  can0  464   [8]  92 78 AF 02 34 03 75 00
 (018.015920)  can0  460   [4]  00 00 9E 01
 (018.016139)  can0  462   [4]  00 00 9E 01
 (018.016335)  can0  464   [8]  93 78 AF 02 34 03 75 00
 (019.031943)  can0  460   [4]  00 00 9E 01
 (019.032164)  can0  462   [4]  00 00 9E 01
 (019.032361)  can0  464   [8]  93 78 AF 02 34 03 75 00
 (020.051776)  can0  460   [4]  00 00 9E 01
 (020.052014)  can0  462   [4]  00 00 9E 01
 (020.052208)  can0  464   [8]  93 78 AF 02 34 03 75 00
 (021.067970)  can0  460   [4]  00 00 9E 01
 (021.068184)  can0  462   [4]  00 00 9E 01
 (021.068384)  can0  464   [8]  93 78 AF 02 34 03 75 00
 (022.087983)  can0  460   [4]  00 00 9E 01
 (022.088195)  can0  462   [4]  00 00 9E 01
 (022.088396)  can0  464   [8]  93 78 AF 02 34 03 75 00
 (023.003995)  can0  460   [4]  00 00 9E 01
 (023.004214)  can0  462   [4]  00 00 9E 01
 (023.004411)  can0  464   [8]  93 78 AF 02 34 03 75 00
 (024.020019)  can0  460   [4]  00 00 9E 01
 (024.020232)  can0  462   [4]  00 00 9E 01
 (024.020428)  can0  464   [8]  93 78 AF 02 34 03 75 00
 (025.036040)  can0  460   [4]  00 00 9E 01
 (025.036259)  can0  462   [4]  00 00 9E 01
 (025.036456)  can0  464   [8]  93 78 AF 02 34 03 75 00
 (026.053777)  can0  460   [4]  00 00 9E 01
 (026.053993)  can0  462   [4]  00 00 9E 01
 (026.054190)  can0  464   [8]  93 78 AF 02 34 03 75 00
 (027.071892)  can0  460   [4]  00 00 9E 01
 (027.072114)  can0  462   [4]  00 00 9E 01
 (027.072317)  can0  464   [8]  93 78 AF 02 34 03 75 00
 (028.087905)  can0  460   [4]  00 00 9E 01
 (028.088126)  can0  462   [4]  00 00 9E 01
 (028.088329)  can0  464   [8]  93 78 AF 02 34 03 75 00
 (029.003918)  can0  460   [4]  00 00 9E 01
 (029.004141)  can0  462   [4]  00 00 9E 01
 (029.004337)  can0  464   [8]  93 78 AF 02 34 03 75 00
 (030.024102)  can0  460   [4]  00 00 9E 01
 (030.024323)  can0  462   [4]  00 00 9E 01
 (030.024522)  can0  464   [8]  93 78 AF 02 34 03 75 00
 (031.041946)  can0  460   [4]  00 00 9E 01
 (031.042166)  can0  462   [4]  00 00 9E 01
 (031.042365)  can0  464   [8]  93 78 AF 02 34 03 75 00
 (032.060132)  can0  460   [4]  00 00 9E 01
 (032.060353)  can0  462   [4]  00 00 9E 01
 (032.060552)  can0  464   [8]  94 78 AF 02 34 03 75 00
 (033.078147)  can0  460   [4]  00 00 9E 01
 (033.078364)  can0  462   [4]  00 00 9E 01
 (033.078565)  can0  464   [8]  94 78 AF 02 34 03 75 00
 (034.089988)  can0  460   [4]  00 00 9E 01
 (034.090206)  can0  462   [4]  00 00 9E 01
 (034.090404)  can0  464   [8]  94 78 AF 02 34 03 75 00
 (035.006181)  can0  460   [4]  00 00 9E 01
 (035.006402)  can0  462   [4]  00 00 9E 01
 (035.006603)  can0  464   [8]  94 78 AF 02 34 03 75 00
 (036.024193)  can0  460   [4]  00 00 9E 01
 (036.024407)  can0  462   [4]  00 00 9E 01
 (036.024603)  can0  464   [8]  94 78 AF 02 34 03 75 00
 (037.042212)  can0  460   [4]  00 00 9E 01
 (037.042432)  can0  462   [4]  00 00 9E 01
 (037.042628)  can0  464   [8]  94 78 AF 02 34 03 75 00
 (038.060221)  can0  460   [4]  00 00 9E 01
 (038.060437)  can0  462   [4]  00 00 9E 01
 (038.060634)  can0  464   [8]  94 78 AF 02 34 03 75 00
 (039.080073)  can0  460   [4]  00 00 9E 01
 (039.080291)  can0  462   [4]  00 00 9E 01
 (039.080488)  can0  464   [8]  94 78 AF 02 34 03 75 00
 (039.996786)  can0  460   [4]  00 00 9E 01
 (039.997006)  can0  462   [4]  00 00 9E 01
 (039.997205)  can0  464   [8]  95 78 AF 02 34 03 75 00
 (041.020278)  can0  460   [4]  00 00 9E 01
 (041.020495)  can0  462   [4]  00 00 9E 01
 (041.020691)  can0  464   [8]  95 78 AF 02 34 03 75 00
 (042.044306)  can0  460   [4]  00 00 9E 01
 (042.044543)  can0  462   [4]  00 00 9E 01
 (042.044739)  can0  464   [8]  95 78 AF 02 34 03 75 00
 (043.070311)  can0  460   [4]  00 00 9F 01
 (043.070523)  can0  462   [4]  00 00 9F 01
 (043.070721)  can0  464   [8]  95 78 AF 02 34 03 75 00
 (044.090676)  can0  460   [4]  00 00 9F 01
 (044.090892)  can0  462   [4]  12 00 9F 01
 (044.091090)  can0  464   [8]  95 78 AF 02 34 03 75 00
 (045.012082)  can0  460   [4]  00 00 9F 01
 (045.012309)  can0  462   [4]  12 00 9F 01
 (045.012505)  can0  464   [8]  96 78 AF 02 34 03 75 00
 (046.030540)  can0  460   [4]  00 00 9F 01
 (046.030776)  can0  462   [4]  12 00 9F 01
 (046.030971)  can0  464   [8]  96 78 AF 02 34 03 75 00
 (047.052625)  can0  460   [4]  00 00 9F 01
 (047.052846)  can0  462   [4]  12 00 9F 01
 (047.053046)  can0  464   [8]  97 78 AF 02 34 03 75 00
 (048.072566)  can0  460   [4]  00 00 9F 01
 (048.072786)  can0  462   [4]  12 00 9F 01
 (048.072984)  can0  464   [8]  97 78 AF 02 34 03 75 00
 (049.090673)  can0  460   [4]  00 00 9F 01
 (049.090896)  can0  462   [4]  12 00 9F 01
 (049.091097)  can0  464   [8]  97 78 AF 02 34 03 75 00
 (050.012417)  can0  460   [4]  00 00 9F 01
 (050.012637)  can0  462   [4]  00 00 9F 01
 (050.012839)  can0  464   [8]  97 78 AF 02 34 03 75 00
 (051.032429)  can0  460   [4]  00 00 9F 01
 (051.032648)  can0  462   [4]  00 00 9F 01
 (051.032841)  can0  464   [8]  98 78 AF 02 34 03 75 00
 (052.052431)  can0  460   [4]  00 00 9F 01
 (052.052648)  can0  462   [4]  00 00 9F 01
 (052.052849)  can0  464   [8]  98 78 AF 02 34 03 75 00
 (053.072720)  can0  460   [4]  00 00 9F 01
 (053.072930)  can0  462   [4]  12 00 9F 01
 (053.073129)  can0  464   [8]  98 78 AF 02 34 03 75 00
 (054.092744)  can0  460   [4]  00 00 9F 01
 (054.092964)  can0  462   [4]  12 00 9F 01
 (054.093165)  can0  464   [8]  98 78 AF 02 34 03 75 00
 (055.010668)  can0  460   [4]  00 00 9F 01
 (055.010885)  can0  462   [4]  6F 00 9F 01
 (055.011082)  can0  464   [8]  9A 78 AF 02 34 03 75 00
 (056.028507)  can0  460   [4]  00 00 A0 01
 (056.028725)  can0  462   [4]  F0 00 A0 01
 (056.028920)  can0  464   [8]  9F 78 AF 02 33 03 75 00
 (057.048518)  can0  460   [4]  00 00 A0 01
 (057.048735)  can0  462   [4]  00 00 A0 01
 (057.048932)  can0  464   [8]  9F 78 AF 02 33 03 75 00
 (058.066708)  can0  460   [4]  1D 00 A0 01
 (058.066927)  can0  462   [4]  25 00 A0 01
 (058.067128)  can0  464   [8]  9F 78 AF 02 33 03 75 00
 (059.086817)  can0  460   [4]  12 00 A0 01
 (059.087041)  can0  462   [4]  12 00 A0 01
 (059.087238)  can0  464   [8]  A0 78 AF 02 33 03 75 00
 (060.012295)  can0  460   [4]  00 00 A0 01
 (060.012516)  can0  462   [4]  00 00 A0 01
 (060.012711)  can0  464   [8]  A1 78 AF 02 33 03 75 00
 (061.032582)  can0  460   [4]  02 00 A0 01
 (061.032805)  can0  462   [4]  12 00 A0 01
 (061.032997)  can0  464   [8]  A1 78 AF 02 33 03 75 00
 (062.052857)  can0  460   [4]  00 00 A0 01
 (062.053078)  can0  462   [4]  12 00 A0 01
 (062.053277)  can0  464   [8]  A1 78 AF 02 33 03 75 00
 (063.076343)  can0  460   [4]  00 00 A0 01
 (063.076566)  can0  462   [4]  00 00 A0 01
 (063.076766)  can0  464   [8]  A1 78 AF 02 33 03 75 00
 (064.097065)  can0  460   [4]  00 00 A0 01
 (064.097281)  can0  462   [4]  12 00 A0 01
 (064.097481)  can0  464   [8]  A2 78 AF 02 33 03 75 00
 (065.016473)  can0  460   [4]  00 00 A0 01
 (065.016695)  can0  462   [4]  00 00 A0 01
 (065.016899)  can0  464   [8]  A2 78 AF 02 33 03 75 00
 (066.040666)  can0  460   [4]  00 00 A0 01
 (066.040884)  can0  462   [4]  00 00 A0 01
 (066.041083)  can0  464   [8]  A2 78 AF 02 33 03 75 00
 (067.062407)  can0  460   [4]  00 00 A0 01
 (067.062627)  can0  462   [4]  00 00 A0 01
 (067.062829)  can0  464   [8]  A2 78 AF 02 33 03 75 00
 (068.084862)  can0  460   [4]  00 00 A0 01
 (068.085085)  can0  462   [4]  00 00 A0 01
 (068.085283)  can0  464   [8]  A2 78 AF 02 33 03 75 00
 (069.004695)  can0  460   [4]  00 00 A0 01
 (069.004913)  can0  462   [4]  00 00 A0 01
 (069.005111)  can0  464   [8]  A2 78 AF 02 33 03 75 00
 (070.028541)  can0  460   [4]  00 00 A0 01
 (070.028759)  can0  462   [4]  00 00 A0 01
 (070.028952)  can0  464   [8]  A2 78 AF 02 33 03 75 00
 (071.048731)  can0  460   [4]  00 00 A0 01
 (071.048949)  can0  462   [4]  00 00 A0 01
 (071.049145)  can0  464   [8]  A2 78 AF 02 33 03 75 00
 (072.070481)  can0  460   [4]  00 00 A0 01
 (072.070694)  can0  462   [4]  00 00 A0 01
 (072.070892)  can0  464   [8]  A2 78 AF 02 33 03 75 00
 (072.994759)  can0  460   [4]  00 00 A0 01
 (072.994982)  can0  462   [4]  00 00 A0 01
 (072.995184)  can0  464   [8]  A2 78 AF 02 33 03 75 00
 (074.012801)  can0  460   [4]  00 00 A0 01
 (074.013022)  can0  462   [4]  00 00 A0 01
 (074.013223)  can0  464   [8]  A2 78 AF 02 33 03 75 00
 (075.036623)  can0  460   [4]  00 00 A0 01
 (075.036863)  can0  462   [4]  00 00 A0 01
 (075.037058)  can0  464   [8]  A2 78 AF 02 33 03 75 00
 (076.058543)  can0  460   [4]  00 00 A0 01
 (076.058761)  can0  462   [4]  00 00 A0 01
 (076.058960)  can0  464   [8]  A2 78 AF 02 33 03 75 00
 (077.076998)  can0  460   [4]  00 00 A0 01
 (077.077223)  can0  462   [4]  00 00 A0 01
 (077.077420)  can0  464   [8]  A2 78 AF 02 33 03 75 00
 (078.092927)  can0  460   [4]  00 00 A0 01
 (078.093142)  can0  462   [4]  00 00 A0 01
 (078.093341)  can0  464   [8]  A2 78 AF 02 33 03 75 00
 (079.014847)  can0  460   [4]  00 00 A0 01
 (079.015068)  can0  462   [4]  00 00 A0 01
 (079.015266)  can0  464   [8]  A2 78 AF 02 33 03 75 00
 (080.034877)  can0  460   [4]  00 00 A0 01
 (080.035098)  can0  462   [4]  00 00 A0 01
 (080.035294)  can0  464   [8]  A2 78 AF 02 33 03 75 00
 (081.052636)  can0  460   [4]  00 00 A0 01
 (081.052849)  can0  462   [4]  00 00 A0 01
 (081.053043)  can0  464   [8]  A2 78 AF 02 33 03 75 00
 (082.074723)  can0  460   [4]  00 00 A0 01
 (082.074940)  can0  462   [4]  00 00 A0 01
 (082.075140)  can0  464   [8]  A2 78 AF 02 33 03 75 00
 (083.096917)  can0  460   [4]  00 00 A0 01
 (083.097140)  can0  462   [4]  00 00 A0 01
 (083.097337)  can0  464   [8]  A2 78 AF 02 33 03 75 00
 (084.018751)  can0  460   [4]  00 00 A0 01
 (084.018971)  can0  462   [4]  00 00 A0 01
 (084.019167)  can0  464   [8]  A2 78 AF 02 33 03 75 00
 (085.036762)  can0  460   [4]  00 00 A0 01
 (085.036980)  can0  462   [4]  00 00 A0 01
 (085.037174)  can0  464   [8]  A2 78 AF 02 33 03 75 00
 (086.056787)  can0  460   [4]  00 00 A0 01
 (086.057004)  can0  462   [4]  00 00 A0 01
 (086.057205)  can0  464   [8]  A2 78 AF 02 33 03 75 00
 (087.079232)  can0  460   [4]  00 00 A0 01
 (087.079453)  can0  462   [4]  00 00 A0 01
 (087.079650)  can0  464   [8]  A2 78 AF 02 33 03 75 00
 (087.996986)  can0  460   [4]  00 00 A0 01
 (087.997204)  can0  462   [4]  00 00 A0 01
 (087.997403)  can0  464   [8]  A2 78 AF 02 33 03 75 00
 (089.020999)  can0  460   [4]  00 00 A0 01
 (089.021214)  can0  462   [4]  00 00 A0 01
 (089.021410)  can0  464   [8]  A2 78 AF 02 33 03 75 00
 (090.045022)  can0  460   [4]  00 00 A0 01
 (090.045240)  can0  462   [4]  00 00 A0 01
 (090.045431)  can0  464   [8]  A2 78 AF 02 33 03 75 00
 (091.069030)  can0  460   [4]  00 00 A0 01
 (091.069245)  can0  462   [4]  00 00 A0 01
 (091.069440)  can0  464   [8]  A2 78 AF 02 33 03 75 00
 (092.089158)  can0  460   [4]  00 00 A0 01
 (092.089376)  can0  462   [4]  00 00 A0 01
 (092.089578)  can0  464   [8]  A2 78 AF 02 33 03 75 00
 (093.009064)  can0  460   [4]  00 00 A0 01
 (093.009281)  can0  462   [4]  00 00 A0 01
 (093.009480)  can0  464   [8]  A2 78 AF 02 33 03 75 00
 (094.027074)  can0  460   [4]  00 00 A0 01
 (094.027296)  can0  462   [4]  00 00 A0 01
 (094.027495)  can0  464   [8]  A2 78 AF 02 33 03 75 00
 (095.047094)  can0  460   [4]  00 00 A0 01
 (095.047307)  can0  462   [4]  00 00 A0 01
 (095.047507)  can0  464   [8]  A2 78 AF 02 33 03 75 00
 (096.074843)  can0  460   [4]  00 00 A0 01
 (096.075059)  can0  462   [4]  00 00 A0 01
 (096.075258)  can0  464   [8]  A2 78 AF 02 33 03 75 00
 (114.022194)  can0  460   [4]  00 00 27 00
 (114.022410)  can0  462   [4]  5C 00 27 00
 (114.022604)  can0  464   [8]  86 69 AF 02 1D 03 75 00
 (115.002384)  can0  460   [4]  00 00 27 00
 (115.002610)  can0  462   [4]  4A 00 27 00
 (115.002805)  can0  464   [8]  88 69 AF 02 1D 03 75 00
 (116.088484)  can0  460   [4]  00 00 27 00
 (116.088697)  can0  462   [4]  12 00 27 00
 (116.088898)  can0  464   [8]  88 69 AF 02 1D 03 75 00
 (117.072228)  can0  460   [4]  00 00 27 00
 (117.072444)  can0  462   [4]  25 00 27 00
 (117.072642)  can0  464   [8]  89 69 AF 02 1D 03 75 00
 (118.022239)  can0  460   [4]  00 00 27 00
 (118.022463)  can0  462   [4]  00 00 27 00
 (118.022660)  can0  464   [8]  89 69 AF 02 1D 03 75 00
 (119.078524)  can0  460   [4]  00 00 27 00
 (119.078738)  can0  462   [4]  00 00 27 00
 (119.078934)  can0  464   [8]  89 69 AF 02 1D 03 75 00
 (120.032103)  can0  460   [4]  00 00 27 00
 (120.032321)  can0  462   [4]  00 00 27 00
 (120.032520)  can0  464   [8]  89 69 AF 02 1D 03 75 00
 (121.086121)  can0  460   [4]  00 00 27 00
 (121.086336)  can0  462   [4]  00 00 27 00
 (121.086534)  can0  464   [8]  89 69 AF 02 1D 03 75 00
 (122.062150)  can0  460   [4]  00 00 27 00
 (122.062377)  can0  462   [4]  00 00 27 00
 (122.062577)  can0  464   [8]  89 69 AF 02 1D 03 75 00
 (123.034328)  can0  460   [4]  00 00 27 00
 (123.034548)  can0  462   [4]  00 00 27 00
 (123.034750)  can0  464   [8]  8A 69 AF 02 1D 03 75 00
 (124.016342)  can0  460   [4]  00 00 27 00
 (124.016564)  can0  462   [4]  00 00 27 00
 (124.016764)  can0  464   [8]  8A 69 AF 02 1D 03 75 00
 (125.096087)  can0  460   [4]  00 00 27 00
 (125.096302)  can0  462   [4]  00 00 27 00
 (125.096494)  can0  464   [8]  8A 69 AF 02 1D 03 75 00
 (126.074385)  can0  460   [4]  36 00 27 00
 (126.074606)  can0  462   [4]  4A 00 27 00
 (126.074806)  can0  464   [8]  83 69 AF 02 1D 03 75 00
 (127.056394)  can0  460   [4]  0F 00 27 00
 (127.056615)  can0  462   [4]  12 00 27 00
 (127.056812)  can0  464   [8]  7E 69 AF 02 1D 03 75 00
 (128.036411)  can0  460   [4]  22 00 28 00
 (128.036627)  can0  462   [4]  25 00 28 00
 (128.036820)  can0  464   [8]  7A 69 AF 02 1D 03 75 00
 (129.016590)  can0  460   [4]  12 00 2C 00
 (129.016812)  can0  462   [4]  12 00 2C 00
 (129.017012)  can0  464   [8]  6B 69 AF 02 E6 02 75 00
 (130.000446)  can0  460   [4]  12 00 2C 00
 (130.000674)  can0  462   [4]  12 00 2C 00
 (130.000871)  can0  464   [8]  6E 69 AF 02 E0 02 75 00
 (131.084455)  can0  460   [4]  11 00 2C 00
 (131.084668)  can0  462   [4]  12 00 2C 00
 (131.084865)  can0  464   [8]  76 69 AF 02 E2 02 75 00
 (132.070464)  can0  460   [4]  21 00 2C 00
 (132.070683)  can0  462   [4]  25 00 2C 00
 (132.070880)  can0  464   [8]  7B 69 AF 02 E4 02 75 00
 (133.052487)  can0  460   [4]  0E 00 2C 00
 (133.052708)  can0  462   [4]  12 00 2C 00
 (133.052906)  can0  464   [8]  7A 69 AF 02 E6 02 75 00
 (134.044320)  can0  460   [4]  0C 00 2C 00
 (134.044544)  can0  462   [4]  12 00 2C 00
 (134.044742)  can0  464   [8]  75 69 AF 02 E5 02 75 00
 (135.032244)  can0  460   [4]  00 00 2C 00
 (135.032464)  can0  462   [4]  00 00 2C 00
 (135.032661)  can0  464   [8]  70 69 AF 02 E7 02 75 00
 (136.024353)  can0  460   [4]  00 00 2C 00
 (136.024575)  can0  462   [4]  00 00 2C 00
 (136.024773)  can0  464   [8]  69 69 AF 02 E9 02 75 00
 (137.014278)  can0  460   [4]  00 00 2C 00
 (137.014501)  can0  462   [4]  12 00 2C 00
 (137.014695)  can0  464   [8]  65 69 AF 02 EB 02 75 00
 (138.001165)  can0  460   [4]  00 00 2C 00
 (138.001385)  can0  462   [4]  12 00 2C 00
 (138.001583)  can0  464   [8]  61 69 AF 02 E8 02 75 00
 (139.090398)  can0  460   [4]  00 00 2D 00
 (139.090612)  can0  462   [4]  00 00 2D 00
 (139.090803)  can0  464   [8]  5D 69 AF 02 E6 02 75 00
 (166.069091)  can0  460   [4]  08 00 25 00
 (166.069315)  can0  462   [4]  4A 00 25 00
 (166.069512)  can0  464   [8]  C3 69 AF 02 1A 03 75 00
 (167.053445)  can0  460   [4]  10 00 25 00
 (167.053663)  can0  462   [4]  4A 00 25 00
 (167.053864)  can0  464   [8]  C5 69 AF 02 1A 03 75 00
 (168.039475)  can0  460   [4]  16 00 25 00
 (168.039692)  can0  462   [4]  37 00 25 00
 (168.039889)  can0  464   [8]  C6 69 AF 02 1A 03 75 00
 (169.027484)  can0  460   [4]  00 00 25 00
 (169.027703)  can0  462   [4]  12 00 25 00
 (169.027903)  can0  464   [8]  C8 69 AF 02 1A 03 75 00
 (170.009144)  can0  460   [4]  00 00 25 00
 (170.009360)  can0  462   [4]  00 00 25 00
 (170.009552)  can0  464   [8]  C9 69 AF 02 1A 03 75 00
 (171.091606)  can0  460   [4]  00 00 2B 00
 (171.091823)  can0  462   [4]  12 00 2B 00
 (171.092022)  can0  464   [8]  66 69 AF 02 FA 02 75 00
 (172.077527)  can0  460   [4]  00 00 2B 00
 (172.077757)  can0  462   [4]  12 00 2B 00
 (172.077955)  can0  464   [8]  63 69 AF 02 F9 02 75 00
 (173.061547)  can0  460   [4]  00 00 2B 00
 (173.061765)  can0  462   [4]  12 00 2B 00
 (173.061961)  can0  464   [8]  64 69 AF 02 FA 02 75 00
 (174.051211)  can0  460   [4]  04 00 2B 00
 (174.051432)  can0  462   [4]  12 00 2B 00
 (174.051628)  can0  464   [8]  65 69 AF 02 FA 02 75 00
 (175.045133)  can0  460   [4]  12 00 2B 00
 (175.045355)  can0  462   [4]  25 00 2B 00
 (175.045555)  can0  464   [8]  65 69 AF 02 FB 02 75 00
 (176.033241)  can0  460   [4]  00 00 2B 00
 (176.033455)  can0  462   [4]  00 00 2B 00
 (176.033649)  can0  464   [8]  64 69 AF 02 FB 02 75 00
 (177.023257)  can0  460   [4]  00 00 2B 00
 (177.023472)  can0  462   [4]  00 00 2B 00
 (177.023667)  can0  464   [8]  64 69 AF 02 FA 02 75 00
 (178.011618)  can0  460   [4]  0E 00 2B 00
 (178.011838)  can0  462   [4]  12 00 2B 00
 (178.012034)  can0  464   [8]  64 69 AF 02 F8 02 75 00
 (178.999291)  can0  460   [4]  00 00 2B 00
 (178.999529)  can0  462   [4]  00 00 2B 00
 (178.999726)  can0  464   [8]  65 69 AF 02 F6 02 75 00
 (180.095482)  can0  460   [4]  00 00 2C 00
 (180.095702)  can0  462   [4]  00 00 2C 00
 (180.095898)  can0  464   [8]  66 69 AF 02 F2 02 75 00
 (181.085668)  can0  460   [4]  11 00 2C 00
 (181.085903)  can0  462   [4]  12 00 2C 00
 (181.086100)  can0  464   [8]  67 69 AF 02 EF 02 75 00
 (182.075507)  can0  460   [4]  00 00 2C 00
 (182.075725)  can0  462   [4]  00 00 2C 00
 (182.075923)  can0  464   [8]  69 69 AF 02 EB 02 75 00
 (183.069347)  can0  460   [4]  00 00 2C 00
 (183.069562)  can0  462   [4]  00 00 2C 00
 (183.069764)  can0  464   [8]  6C 69 AF 02 E7 02 75 00
 (184.061268)  can0  460   [4]  00 00 2C 00
 (184.061484)  can0  462   [4]  00 00 2C 00
 (184.061681)  can0  464   [8]  6D 69 AF 02 E3 02 75 00
 (185.051551)  can0  460   [4]  00 00 2D 00
 (185.051785)  can0  462   [4]  00 00 2D 00
 (185.051983)  can0  464   [8]  6D 69 AF 02 DE 02 75 00
 (186.041395)  can0  460   [4]  00 00 2D 00
 (186.041617)  can0  462   [4]  00 00 2D 00
 (186.041821)  can0  464   [8]  6E 69 AF 02 DD 02 75 00
 (187.039585)  can0  460   [4]  00 00 2D 00
 (187.039806)  can0  462   [4]  12 00 2D 00
 (187.040004)  can0  464   [8]  6E 69 AF 02 DD 02 75 00
 (188.027600)  can0  460   [4]  00 00 2D 00
 (188.027816)  can0  462   [4]  25 00 2D 00
 (188.028013)  can0  464   [8]  6E 69 AF 02 DD 02 75 00
 (189.019356)  can0  460   [4]  00 00 2D 00
 (189.019569)  can0  462   [4]  00 00 2D 00
 (189.019765)  can0  464   [8]  6E 69 AF 02 DD 02 75 00
 (190.010156)  can0  460   [4]  00 00 2D 00
 (190.010378)  can0  462   [4]  00 00 2D 00
 (190.010573)  can0  464   [8]  6D 69 AF 02 DE 02 75 00
 (191.002072)  can0  460   [4]  00 00 2D 00
 (191.002289)  can0  462   [4]  00 00 2D 00
 (191.002486)  can0  464   [8]  6C 69 AF 02 DE 02 75 00
 (192.001393)  can0  460   [4]  00 00 2D 00
 (192.001623)  can0  462   [4]  25 00 2D 00
 (192.001825)  can0  464   [8]  6C 69 AF 02 DE 02 75 00
 (193.089940)  can0  460   [4]  00 00 2D 00
 (193.090157)  can0  462   [4]  25 00 2D 00
 (193.090356)  can0  464   [8]  6B 69 AF 02 DE 02 75 00
 (194.083949)  can0  460   [4]  00 00 2D 00
 (194.084168)  can0  462   [4]  12 00 2D 00
 (194.084372)  can0  464   [8]  6A 69 AF 02 DE 02 75 00
 (195.077522)  can0  460   [4]  00 00 2D 00
 (195.077742)  can0  462   [4]  00 00 2D 00
 (195.077938)  can0  464   [8]  69 69 AF 02 DE 02 75 00
 (196.075445)  can0  460   [4]  00 00 2D 00
 (196.075664)  can0  462   [4]  00 00 2D 00
 (196.075868)  can0  464   [8]  69 69 AF 02 DF 02 75 00
 (197.067912)  can0  460   [4]  00 00 2D 00
 (197.068136)  can0  462   [4]  12 00 2D 00
 (197.068334)  can0  464   [8]  69 69 AF 02 E0 02 75 00
 (198.061472)  can0  460   [4]  00 00 2D 00
 (198.061693)  can0  462   [4]  00 00 2D 00
 (198.061889)  can0  464   [8]  68 69 AF 02 E1 02 75 00
 (199.057582)  can0  460   [4]  00 00 2D 00
 (199.057820)  can0  462   [4]  00 00 2D 00
 (199.058022)  can0  464   [8]  67 69 AF 02 E3 02 75 00
 (200.053505)  can0  460   [4]  00 00 2D 00
 (200.053723)  can0  462   [4]  00 00 2D 00
 (200.053921)  can0  464   [8]  65 69 AF 02 E4 02 75 00
 (201.055787)  can0  460   [4]  00 00 2D 00
 (201.056010)  can0  462   [4]  00 00 2D 00
 (201.056209)  can0  464   [8]  63 69 AF 02 E4 02 75 00
 (202.053638)  can0  460   [4]  00 00 2D 00
 (202.053845)  can0  462   [4]  00 00 2D 00
 (202.054028)  can0  464   [8]  62 69 AF 02 E5 02 75 00
 (203.049822)  can0  460   [4]  00 00 2D 00
 (203.050042)  can0  462   [4]  00 00 2D 00
 (203.050237)  can0  464   [8]  61 69 AF 02 E5 02 75 00
 (204.045833)  can0  460   [4]  00 00 2D 00
 (204.046056)  can0  462   [4]  00 00 2D 00
 (204.046261)  can0  464   [8]  61 69 AF 02 E5 02 75 00
 (205.047841)  can0  460   [4]  00 00 2D 00
 (205.048059)  can0  462   [4]  00 00 2D 00
 (205.048256)  can0  464   [8]  61 69 AF 02 E6 02 75 00
 (206.045605)  can0  460   [4]  00 00 2C 00
 (206.045838)  can0  462   [4]  00 00 2C 00
 (206.046033)  can0  464   [8]  61 69 AF 02 E8 02 75 00
 (207.043615)  can0  460   [4]  00 00 2C 00
 (207.043833)  can0  462   [4]  00 00 2C 00
 (207.044032)  can0  464   [8]  62 69 AF 02 E9 02 75 00
 (208.043634)  can0  460   [4]  00 00 2C 00
 (208.043866)  can0  462   [4]  00 00 2C 00
 (208.044059)  can0  464   [8]  63 69 AF 02 EA 02 75 00
 (209.041642)  can0  460   [4]  00 00 2C 00
 (209.041867)  can0  462   [4]  00 00 2C 00
 (209.042066)  can0  464   [8]  63 69 AF 02 EA 02 75 00
 (210.045672)  can0  460   [4]  00 00 2C 00
 (210.045905)  can0  462   [4]  00 00 2C 00
 (210.046106)  can0  464   [8]  64 69 AF 02 E9 02 75 00
 (211.045674)  can0  460   [4]  00 00 2C 00
 (211.045893)  can0  462   [4]  00 00 2C 00
 (211.046090)  can0  464   [8]  64 69 AF 02 E9 02 75 00
 (212.041692)  can0  460   [4]  00 00 2C 00
 (212.041927)  can0  462   [4]  00 00 2C 00
 (212.042123)  can0  464   [8]  65 69 AF 02 E8 02 75 00
 (213.033969)  can0  460   [4]  00 00 2C 00
 (213.034188)  can0  462   [4]  00 00 2C 00
 (213.034389)  can0  464   [8]  65 69 AF 02 E8 02 75 00
 (214.029980)  can0  460   [4]  00 00 2C 00
 (214.030195)  can0  462   [4]  00 00 2C 00
 (214.030394)  can0  464   [8]  66 69 AF 02 EA 02 75 00
 (215.027823)  can0  460   [4]  00 00 2C 00
 (215.028043)  can0  462   [4]  00 00 2C 00
 (215.028240)  can0  464   [8]  67 69 AF 02 EC 02 75 00
 (216.028010)  can0  460   [4]  00 00 2C 00
 (216.028226)  can0  462   [4]  00 00 2C 00
 (216.028422)  can0  464   [8]  67 69 AF 02 EF 02 75 00
 (217.026023)  can0  460   [4]  00 00 2B 00
 (217.026250)  can0  462   [4]  00 00 2B 00
 (217.026447)  can0  464   [8]  68 69 AF 02 F2 02 75 00
 (218.028040)  can0  460   [4]  00 00 2B 00
 (218.028258)  can0  462   [4]  00 00 2B 00
 (218.028458)  can0  464   [8]  67 69 AF 02 F5 02 75 00
 (219.028075)  can0  460   [4]  00 00 2B 00
 (219.028283)  can0  462   [4]  12 00 2B 00
 (219.028466)  can0  464   [8]  67 69 AF 02 F7 02 75 00
 (220.028265)  can0  460   [4]  00 00 2B 00
 (220.028477)  can0  462   [4]  37 00 2B 00
 (220.028671)  can0  464   [8]  68 69 AF 02 F9 02 75 00
 (221.030095)  can0  460   [4]  00 00 2B 00
 (221.030312)  can0  462   [4]  37 00 2B 00
 (221.030509)  can0  464   [8]  69 69 AF 02 FC 02 75 00
 (222.035935)  can0  460   [4]  00 00 2B 00
 (222.036152)  can0  462   [4]  25 00 2B 00
 (222.036351)  can0  464   [8]  68 69 AF 02 FE 02 75 00
 (223.036298)  can0  460   [4]  00 00 2A 00
 (223.036516)  can0  462   [4]  25 00 2A 00
 (223.036714)  can0  464   [8]  69 69 AF 02 FF 02 75 00
 (224.038144)  can0  460   [4]  00 00 2A 00
 (224.038361)  can0  462   [4]  25 00 2A 00
 (224.038562)  can0  464   [8]  6C 69 AF 02 00 03 75 00
 (225.048326)  can0  460   [4]  00 00 2A 00
 (225.048541)  can0  462   [4]  25 00 2A 00
 (225.048740)  can0  464   [8]  70 69 AF 02 02 03 75 00
 (226.060346)  can0  460   [4]  00 00 2A 00
 (226.060566)  can0  462   [4]  12 00 2A 00
 (226.060766)  can0  464   [8]  77 69 AF 02 01 03 75 00
 (227.072364)  can0  460   [4]  00 00 2A 00
 (227.072588)  can0  462   [4]  12 00 2A 00
 (227.072788)  can0  464   [8]  7A 69 AF 02 01 03 75 00
 (228.084023)  can0  460   [4]  05 00 29 00
 (228.084237)  can0  462   [4]  12 00 29 00
 (228.084433)  can0  464   [8]  7F 69 AF 02 03 03 75 00
 (229.096221)  can0  460   [4]  05 00 29 00
 (229.096435)  can0  462   [4]  B9 00 29 00
 (229.096632)  can0  464   [8]  82 69 AF 02 05 03 75 00
 (230.008221)  can0  460   [4]  04 00 29 00
 (230.008436)  can0  462   [4]  94 00 29 00
 (230.008634)  can0  464   [8]  84 69 AF 02 06 03 75 00
 (231.020510)  can0  460   [4]  00 00 29 00
 (231.020728)  can0  462   [4]  81 00 29 00
 (231.020925)  can0  464   [8]  86 69 AF 02 07 03 75 00
 (232.028430)  can0  460   [4]  1C 00 29 00
 (232.028646)  can0  462   [4]  25 00 29 00
 (232.028845)  can0  464   [8]  87 69 AF 02 07 03 75 00
 (233.038282)  can0  460   [4]  00 00 28 00
 (233.038499)  can0  462   [4]  4A 00 28 00
 (233.038692)  can0  464   [8]  89 69 AF 02 07 03 75 00
 (234.046296)  can0  460   [4]  00 00 28 00
 (234.046520)  can0  462   [4]  37 00 28 00
 (234.046719)  can0  464   [8]  8A 69 AF 02 08 03 75 00
 (235.054478)  can0  460   [4]  00 00 28 00
 (235.054694)  can0  462   [4]  12 00 28 00
 (235.054890)  can0  464   [8]  8B 69 AF 02 08 03 75 00
 (236.068313)  can0  460   [4]  00 00 28 00
 (236.068531)  can0  462   [4]  00 00 28 00
 (236.068733)  can0  464   [8]  8B 69 AF 02 08 03 75 00
 (237.080340)  can0  460   [4]  00 00 28 00
 (237.080568)  can0  462   [4]  25 00 28 00
 (237.080766)  can0  464   [8]  8C 69 AF 02 08 03 75 00
 (238.094349)  can0  460   [4]  0B 00 28 00
 (238.094567)  can0  462   [4]  37 00 28 00
 (238.094766)  can0  464   [8]  91 69 AF 02 06 03 75 00
 (239.014371)  can0  460   [4]  23 00 28 00
 (239.014602)  can0  462   [4]  37 00 28 00
 (239.014796)  can0  464   [8]  93 69 AF 02 04 03 75 00
 (240.034553)  can0  460   [4]  00 00 28 00
 (240.034773)  can0  462   [4]  72 01 28 00
 (240.034971)  can0  464   [8]  98 69 AF 02 01 03 75 00
 (241.048574)  can0  460   [4]  00 00 28 00
 (241.048792)  can0  462   [4]  84 01 28 00
 (241.048990)  can0  464   [8]  9E 69 AF 02 FD 02 75 00
 (242.066242)  can0  460   [4]  7D 02 29 00
 (242.066463)  can0  462   [4]  41 03 29 00
 (242.066661)  can0  464   [8]  AA 69 AF 02 EC 02 75 00
 (243.084691)  can0  460   [4]  EE 01 2B 00
 (243.084904)  can0  462   [4]  3E 02 2B 00
 (243.085096)  can0  464   [8]  AD 69 AF 02 DB 02 75 00
 (244.002604)  can0  460   [4]  95 03 2D 00
 (244.002812)  can0  462   [4]  9E 03 2D 00
 (244.002995)  can0  464   [8]  AE 69 AF 02 C0 02 75 00
 (245.022622)  can0  460   [4]  0F 05 30 00
 (245.022829)  can0  462   [4]  10 05 30 00
 (245.023012)  can0  464   [8]  B1 69 AF 02 97 02 75 00
 (246.036722)  can0  460   [4]  94 06 34 00
 (246.036940)  can0  462   [4]  95 06 34 00
 (246.037135)  can0  464   [8]  B4 69 AF 02 61 02 75 00
 (247.054823)  can0  460   [4]  BC 07 39 00
 (247.055043)  can0  462   [4]  BD 07 39 00
 (247.055245)  can0  464   [8]  B8 69 AF 02 1F 02 75 00
 (248.070494)  can0  460   [4]  4D 01 3A 00
 (248.070713)  can0  462   [4]  4D 01 3A 00
 (248.070912)  can0  464   [8]  B8 69 AF 02 15 02 75 00
 (249.082772)  can0  460   [4]  92 00 3A 00
 (249.082992)  can0  462   [4]  94 00 3A 00
 (249.083190)  can0  464   [8]  B9 69 AF 02 10 02 75 00
 (250.000263)  can0  460   [4]  48 00 3A 00
 (250.000480)  can0  462   [4]  4A 00 3A 00
 (250.000679)  can0  464   [8]  B9 69 AF 02 0D 02 75 00
 (251.016542)  can0  460   [4]  23 00 3A 00
 (251.016759)  can0  462   [4]  25 00 3A 00
 (251.016956)  can0  464   [8]  B9 69 AF 02 0C 02 75 00
 (252.028569)  can0  460   [4]  11 00 3A 00
 (252.028778)  can0  462   [4]  12 00 3A 00
 (252.028961)  can0  464   [8]  B9 69 AF 02 0B 02 75 00
 (253.046573)  can0  460   [4]  10 00 3A 00
 (253.046789)  can0  462   [4]  12 00 3A 00
 (253.046985)  can0  464   [8]  B9 69 AF 02 0B 02 75 00
 (254.064315)  can0  460   [4]  00 00 3A 00
 (254.064538)  can0  462   [4]  00 00 3A 00
 (254.064735)  can0  464   [8]  B9 69 AF 02 0B 02 75 00
 (255.076598)  can0  460   [4]  00 00 3A 00
 (255.076823)  can0  462   [4]  00 00 3A 00
 (255.077022)  can0  464   [8]  B9 69 AF 02 0B 02 75 00
 (256.094350)  can0  460   [4]  00 00 3A 00
 (256.094566)  can0  462   [4]  00 00 3A 00
 (256.094765)  can0  464   [8]  B9 69 AF 02 0A 02 75 00
 (257.014626)  can0  460   [4]  00 00 3A 00
 (257.014847)  can0  462   [4]  00 00 3A 00
 (257.015049)  can0  464   [8]  B9 69 AF 02 0A 02 75 00
 (258.030649)  can0  460   [4]  0F 00 3A 00
 (258.030866)  can0  462   [4]  12 00 3A 00
 (258.031064)  can0  464   [8]  B9 69 AF 02 0A 02 75 00
 (259.042666)  can0  460   [4]  00 00 3A 00
 (259.042882)  can0  462   [4]  00 00 3A 00
 (259.043076)  can0  464   [8]  B9 69 AF 02 0A 02 75 00
 (260.058421)  can0  460   [4]  00 00 3A 00
 (260.058651)  can0  462   [4]  00 00 3A 00
 (260.058845)  can0  464   [8]  B9 69 AF 02 0A 02 75 00
 (261.074432)  can0  460   [4]  00 00 3A 00
 (261.074654)  can0  462   [4]  00 00 3A 00
 (261.074852)  can0  464   [8]  B9 69 AF 02 0A 02 75 00
 (262.088714)  can0  460   [4]  00 00 3A 00
 (262.088940)  can0  462   [4]  00 00 3A 00
 (262.089142)  can0  464   [8]  B9 69 AF 02 0A 02 75 00
 (263.002722)  can0  460   [4]  00 00 3A 00
 (263.002936)  can0  462   [4]  00 00 3A 00
 (263.003129)  can0  464   [8]  B9 69 AF 02 0A 02 75 00
 (264.016476)  can0  460   [4]  00 00 3A 00
 (264.016696)  can0  462   [4]  00 00 3A 00
 (264.016897)  can0  464   [8]  B9 69 AF 02 09 02 75 00
 (265.030482)  can0  460   [4]  00 00 3A 00
 (265.030701)  can0  462   [4]  00 00 3A 00
 (265.030901)  can0  464   [8]  B9 69 AF 02 09 02 75 00
 (266.042778)  can0  460   [4]  00 00 3A 00
 (266.043008)  can0  462   [4]  00 00 3A 00
 (266.043204)  can0  464   [8]  B9 69 AF 02 09 02 75 00
 (267.060518)  can0  460   [4]  00 00 3A 00
 (267.060737)  can0  462   [4]  00 00 3A 00
 (267.060934)  can0  464   [8]  B9 69 AF 02 09 02 75 00
 (268.074795)  can0  460   [4]  00 00 3A 00
 (268.075011)  can0  462   [4]  00 00 3A 00
 (268.075211)  can0  464   [8]  B9 69 AF 02 09 02 75 00
 (269.092814)  can0  460   [4]  00 00 3A 00
 (269.093036)  can0  462   [4]  00 00 3A 00
 (269.093238)  can0  464   [8]  B9 69 AF 02 09 02 75 00
 (270.009264)  can0  460   [4]  00 00 3A 00
 (270.009491)  can0  462   [4]  00 00 3A 00
 (270.009693)  can0  464   [8]  B9 69 AF 02 09 02 75 00
 (271.028841)  can0  460   [4]  00 00 3A 00
 (271.029057)  can0  462   [4]  00 00 3A 00
 (271.029256)  can0  464   [8]  B9 69 AF 02 09 02 75 00
 (272.044592)  can0  460   [4]  00 00 2A 00
 (272.044809)  can0  462   [4]  00 00 2A 00
 (272.045008)  can0  464   [8]  AD 69 AF 02 E1 02 75 00
 (273.062873)  can0  460   [4]  00 00 2A 00
 (273.063091)  can0  462   [4]  00 00 2A 00
 (273.063290)  can0  464   [8]  AD 69 AF 02 E8 02 75 00
 (274.080624)  can0  460   [4]  00 00 29 00
 (274.080842)  can0  462   [4]  00 00 29 00
 (274.081039)  can0  464   [8]  AC 69 AF 02 EA 02 75 00
 (274.998735)  can0  460   [4]  00 00 29 00
 (274.998952)  can0  462   [4]  00 00 29 00
 (274.999147)  can0  464   [8]  AC 69 AF 02 EC 02 75 00
 (276.016749)  can0  460   [4]  00 00 29 00
 (276.016972)  can0  462   [4]  00 00 29 00
 (276.017171)  can0  464   [8]  AC 69 AF 02 EC 02 75 00
 (277.034768)  can0  460   [4]  09 00 29 00
 (277.034987)  can0  462   [4]  12 00 29 00
 (277.035184)  can0  464   [8]  AC 69 AF 02 EC 02 75 00
 (278.054950)  can0  460   [4]  00 00 29 00
 (278.055165)  can0  462   [4]  00 00 29 00
 (278.055363)  can0  464   [8]  AC 69 AF 02 EC 02 75 00
 (279.072966)  can0  460   [4]  09 00 29 00
 (279.073182)  can0  462   [4]  12 00 29 00
 (279.073376)  can0  464   [8]  AC 69 AF 02 EC 02 75 00
 (280.092993)  can0  460   [4]  09 00 29 00
 (280.093216)  can0  462   [4]  12 00 29 00
 (280.093418)  can0  464   [8]  AC 69 AF 02 EC 02 75 00
 (281.011012)  can0  460   [4]  09 00 29 00
 (281.011238)  can0  462   [4]  12 00 29 00
 (281.011431)  can0  464   [8]  AC 69 AF 02 EC 02 75 00
 (282.027040)  can0  460   [4]  12 00 29 00
 (282.027262)  can0  462   [4]  25 00 29 00
 (282.027459)  can0  464   [8]  AC 69 AF 02 EB 02 75 00
 (283.043035)  can0  460   [4]  12 00 29 00
 (283.043266)  can0  462   [4]  25 00 29 00
 (283.043459)  can0  464   [8]  AC 69 AF 02 EB 02 75 00
 (284.056869)  can0  460   [4]  09 00 29 00
 (284.057084)  can0  462   [4]  12 00 29 00
 (284.057280)  can0  464   [8]  AC 69 AF 02 EB 02 75 00
 (285.073051)  can0  460   [4]  09 00 29 00
 (285.073266)  can0  462   [4]  12 00 29 00
 (285.073462)  can0  464   [8]  AC 69 AF 02 EC 02 75 00
 (286.092808)  can0  460   [4]  00 00 29 00
 (286.093031)  can0  462   [4]  00 00 29 00
 (286.093227)  can0  464   [8]  AC 69 AF 02 EC 02 75 00
 (287.008917)  can0  460   [4]  00 00 29 00
 (287.009146)  can0  462   [4]  00 00 29 00
 (287.009341)  can0  464   [8]  AC 69 AF 02 EC 02 75 00
 (288.028855)  can0  460   [4]  00 00 29 00
 (288.029081)  can0  462   [4]  00 00 29 00
 (288.029279)  can0  464   [8]  AC 69 AF 02 EC 02 75 00
 (289.045292)  can0  460   [4]  0B 00 29 00
 (289.045510)  can0  462   [4]  12 00 29 00
 (289.045708)  can0  464   [8]  AC 69 AF 02 EC 02 75 00
 (290.061141)  can0  460   [4]  0B 00 29 00
 (290.061370)  can0  462   [4]  12 00 29 00
 (290.061570)  can0  464   [8]  AC 69 AF 02 EC 02 75 00
 (291.077168)  can0  460   [4]  00 00 29 00
 (291.077404)  can0  462   [4]  00 00 29 00
 (291.077602)  can0  464   [8]  AC 69 AF 02 EB 02 75 00
 (292.092996)  can0  460   [4]  00 00 29 00
 (292.093222)  can0  462   [4]  00 00 29 00
 (292.093420)  can0  464   [8]  AC 69 AF 02 EB 02 75 00
 (293.009017)  can0  460   [4]  00 00 29 00
 (293.009249)  can0  462   [4]  00 00 29 00
 (293.009452)  can0  464   [8]  AC 69 AF 02 EB 02 75 00
 (294.028924)  can0  460   [4]  00 00 29 00
 (294.029142)  can0  462   [4]  00 00 29 00
 (294.029338)  can0  464   [8]  AC 69 AF 02 EB 02 75 00
 (295.045208)  can0  460   [4]  00 00 29 00
 (295.045439)  can0  462   [4]  00 00 29 00
 (295.045637)  can0  464   [8]  AC 69 AF 02 EB 02 75 00
 (296.068953)  can0  460   [4]  00 00 29 00
 (296.069168)  can0  462   [4]  00 00 29 00
 (296.069363)  can0  464   [8]  AC 69 AF 02 EB 02 75 00
 (297.081327)  can0  460   [4]  00 00 29 00
 (297.081544)  can0  462   [4]  00 00 29 00
 (297.081741)  can0  464   [8]  AC 69 AF 02 EA 02 75 00
 (298.097000)  can0  460   [4]  00 00 29 00
 (298.097219)  can0  462   [4]  00 00 29 00
 (298.097419)  can0  464   [8]  AD 69 AF 02 EA 02 75 00
 (299.011441)  can0  460   [4]  37 00 29 00
 (299.011657)  can0  462   [4]  37 00 29 00
 (299.011856)  can0  464   [8]  AC 69 AF 02 EA 02 75 00
 (300.027287)  can0  460   [4]  24 00 29 00
 (300.027527)  can0  462   [4]  25 00 29 00
 (300.027720)  can0  464   [8]  AC 69 AF 02 EA 02 75 00
 (301.043495)  can0  460   [4]  24 00 29 00
 (301.043717)  can0  462   [4]  25 00 29 00
 (301.043912)  can0  464   [8]  AC 69 AF 02 EA 02 75 00
 (302.057329)  can0  460   [4]  12 00 29 00
 (302.057557)  can0  462   [4]  12 00 29 00
 (302.057768)  can0  464   [8]  AC 69 AF 02 EB 02 75 00
 (303.073335)  can0  460   [4]  12 00 29 00
 (303.073564)  can0  462   [4]  12 00 29 00
 (303.073772)  can0  464   [8]  AC 69 AF 02 EC 02 75 00
 (304.087596)  can0  460   [4]  12 00 29 00
 (304.087815)  can0  462   [4]  12 00 29 00
 (304.088009)  can0  464   [8]  AC 69 AF 02 EC 02 75 00
 (305.001158)  can0  460   [4]  24 00 29 00
 (305.001388)  can0  462   [4]  25 00 29 00
 (305.001582)  can0  464   [8]  AC 69 AF 02 EB 02 75 00
 (306.017111)  can0  460   [4]  24 00 29 00
 (306.017373)  can0  462   [4]  25 00 29 00
 (306.017579)  can0  464   [8]  AD 69 AF 02 EB 02 75 00
 (307.031385)  can0  460   [4]  24 00 29 00
 (307.031602)  can0  462   [4]  25 00 29 00
 (307.031801)  can0  464   [8]  AD 69 AF 02 EA 02 75 00
 (308.045421)  can0  460   [4]  24 00 29 00
 (308.045651)  can0  462   [4]  25 00 29 00
 (308.045845)  can0  464   [8]  AD 69 AF 02 EA 02 75 00
 (309.059256)  can0  460   [4]  24 00 29 00
 (309.059479)  can0  462   [4]  25 00 29 00
 (309.059675)  can0  464   [8]  AD 69 AF 02 EA 02 75 00
 (310.073431)  can0  460   [4]  48 00 2A 00
 (310.073655)  can0  462   [4]  4A 00 2A 00
 (310.073848)  can0  464   [8]  AD 69 AF 02 E9 02 75 00
 (311.089645)  can0  460   [4]  48 00 2A 00
 (311.089872)  can0  462   [4]  4A 00 2A 00
 (311.090073)  can0  464   [8]  AD 69 AF 02 E8 02 75 00
 (312.005200)  can0  460   [4]  36 00 2A 00
 (312.005414)  can0  462   [4]  37 00 2A 00
 (312.005622)  can0  464   [8]  AD 69 AF 02 E8 02 75 00
 (313.023647)  can0  460   [4]  24 00 29 00
 (313.023870)  can0  462   [4]  25 00 29 00
 (313.024064)  can0  464   [8]  AD 69 AF 02 E9 02 75 00
 (314.037489)  can0  460   [4]  00 00 29 00
 (314.037705)  can0  462   [4]  00 00 29 00
 (314.037900)  can0  464   [8]  AD 69 AF 02 EB 02 75 00
 (315.051680)  can0  460   [4]  12 00 29 00
 (315.051900)  can0  462   [4]  12 00 29 00
 (315.052097)  can0  464   [8]  AD 69 AF 02 EB 02 75 00
 (316.065266)  can0  460   [4]  00 00 29 00
 (316.065477)  can0  462   [4]  00 00 29 00
 (316.065666)  can0  464   [8]  AD 69 AF 02 EC 02 75 00
 (317.087812)  can0  460   [4]  12 00 29 00
 (317.088021)  can0  462   [4]  12 00 29 00
 (317.088213)  can0  464   [8]  AD 69 AF 02 EC 02 75 00
 (318.003298)  can0  460   [4]  24 00 29 00
 (318.003522)  can0  462   [4]  25 00 29 00
 (318.003716)  can0  464   [8]  AD 69 AF 02 EB 02 75 00
 (319.019744)  can0  460   [4]  37 00 29 00
 (319.019965)  can0  462   [4]  37 00 29 00
 (319.020162)  can0  464   [8]  AD 69 AF 02 EA 02 75 00
 (320.035586)  can0  460   [4]  24 00 29 00
 (320.035821)  can0  462   [4]  25 00 29 00
 (320.036019)  can0  464   [8]  AD 69 AF 02 EA 02 75 00
 (321.051600)  can0  460   [4]  12 00 29 00
 (321.051826)  can0  462   [4]  12 00 29 00
 (321.052021)  can0  464   [8]  AD 69 AF 02 EB 02 75 00
 (322.067360)  can0  460   [4]  00 00 29 00
 (322.067583)  can0  462   [4]  00 00 29 00
 (322.067786)  can0  464   [8]  AD 69 AF 02 EB 02 75 00
 (323.085371)  can0  460   [4]  00 00 29 00
 (323.085586)  can0  462   [4]  00 00 29 00
 (323.085783)  can0  464   [8]  AD 69 AF 02 EC 02 75 00
 (324.001383)  can0  460   [4]  12 00 29 00
 (324.001607)  can0  462   [4]  12 00 29 00
 (324.001818)  can0  464   [8]  AD 69 AF 02 EC 02 75 00
 (325.016100)  can0  460   [4]  00 00 29 00
 (325.016319)  can0  462   [4]  00 00 29 00
 (325.016512)  can0  464   [8]  AD 69 AF 02 EC 02 75 00
 (326.033852)  can0  460   [4]  12 00 29 00
 (326.034071)  can0  462   [4]  12 00 29 00
 (326.034267)  can0  464   [8]  AD 69 AF 02 EC 02 75 00
 (327.051692)  can0  460   [4]  00 00 29 00
 (327.051910)  can0  462   [4]  00 00 29 00
 (327.052111)  can0  464   [8]  AD 69 AF 02 EC 02 75 00
 (328.067439)  can0  460   [4]  00 00 29 00
 (328.067664)  can0  462   [4]  00 00 29 00
 (328.067865)  can0  464   [8]  AD 69 AF 02 EC 02 75 00
 (329.083983)  can0  460   [4]  12 00 29 00
 (329.084197)  can0  462   [4]  12 00 29 00
 (329.084397)  can0  464   [8]  AD 69 AF 02 EC 02 75 00
 (330.002356)  can0  460   [4]  12 00 29 00
 (330.002582)  can0  462   [4]  12 00 29 00
 (330.002783)  can0  464   [8]  AD 69 AF 02 EC 02 75 00
 (331.015936)  can0  460   [4]  12 00 29 00
 (331.016153)  can0  462   [4]  12 00 29 00
 (331.016347)  can0  464   [8]  AD 69 AF 02 EC 02 75 00
 (332.031772)  can0  460   [4]  25 00 29 00
 (332.031989)  can0  462   [4]  25 00 29 00
 (332.032178)  can0  464   [8]  AD 69 AF 02 EC 02 75 00
 (333.045791)  can0  460   [4]  12 00 29 00
 (333.046015)  can0  462   [4]  12 00 29 00
 (333.046214)  can0  464   [8]  AD 69 AF 02 EC 02 75 00
 (334.063803)  can0  460   [4]  12 00 29 00
 (334.064020)  can0  462   [4]  12 00 29 00
 (334.064216)  can0  464   [8]  AD 69 AF 02 EC 02 75 00
 (335.083812)  can0  460   [4]  12 00 29 00
 (335.084035)  can0  462   [4]  12 00 29 00
 (335.084234)  can0  464   [8]  AD 69 AF 02 EC 02 75 00
 (336.096001)  can0  460   [4]  11 00 29 00
 (336.096219)  can0  462   [4]  12 00 29 00
 (336.096416)  can0  464   [8]  AD 69 AF 02 EC 02 75 00
 (337.008364)  can0  460   [4]  00 00 29 00
 (337.008591)  can0  462   [4]  00 00 29 00
 (337.008790)  can0  464   [8]  AD 69 AF 02 EC 02 75 00
 (338.025853)  can0  460   [4]  00 00 29 00
 (338.026069)  can0  462   [4]  00 00 29 00
 (338.026264)  can0  464   [8]  AD 69 AF 02 EC 02 75 00
 (339.039872)  can0  460   [4]  11 00 29 00
 (339.040093)  can0  462   [4]  12 00 29 00
 (339.040289)  can0  464   [8]  AD 69 AF 02 EC 02 75 00
 (340.055901)  can0  460   [4]  11 00 29 00
 (340.056125)  can0  462   [4]  12 00 29 00
 (340.056326)  can0  464   [8]  AD 69 AF 02 EC 02 75 00
 (341.073636)  can0  460   [4]  00 00 29 00
 (341.073856)  can0  462   [4]  00 00 29 00
 (341.074056)  can0  464   [8]  AD 69 AF 02 EC 02 75 00
 (342.087927)  can0  460   [4]  10 00 29 00
 (342.088144)  can0  462   [4]  12 00 29 00
 (342.088338)  can0  464   [8]  AD 69 AF 02 EC 02 75 00
 (343.001946)  can0  460   [4]  0F 00 29 00
 (343.002165)  can0  462   [4]  12 00 29 00
 (343.002364)  can0  464   [8]  AD 69 AF 02 EC 02 75 00
 (344.015963)  can0  460   [4]  0F 00 29 00
 (344.016185)  can0  462   [4]  12 00 29 00
 (344.016386)  can0  464   [8]  AD 69 AF 02 EC 02 75 00
 (345.028140)  can0  460   [4]  0E 00 29 00
 (345.028358)  can0  462   [4]  12 00 29 00
 (345.028548)  can0  464   [8]  AD 69 AF 02 EC 02 75 00
 (346.044158)  can0  460   [4]  35 00 29 00
 (346.044389)  can0  462   [4]  4A 00 29 00
 (346.044585)  can0  464   [8]  AD 69 AF 02 EA 02 75 00
 (347.053990)  can0  460   [4]  35 00 29 00
 (347.054209)  can0  462   [4]  4A 00 29 00
 (347.054414)  can0  464   [8]  AD 69 AF 02 E9 02 75 00
 (348.068003)  can0  460   [4]  23 00 29 00
 (348.068224)  can0  462   [4]  37 00 29 00
 (348.068423)  can0  464   [8]  AD 69 AF 02 EA 02 75 00
 (349.080311)  can0  460   [4]  0B 00 29 00
 (349.080540)  can0  462   [4]  12 00 29 00
 (349.080742)  can0  464   [8]  AD 69 AF 02 EB 02 75 00
 (350.095779)  can0  460   [4]  00 00 29 00
 (350.096004)  can0  462   [4]  00 00 29 00
 (350.096202)  can0  464   [8]  AD 69 AF 02 EC 02 75 00
 (351.011804)  can0  460   [4]  0B 00 29 00
 (351.012028)  can0  462   [4]  12 00 29 00
 (351.012223)  can0  464   [8]  AC 69 AF 02 EC 02 75 00
 (352.025914)  can0  460   [4]  00 00 29 00
 (352.026142)  can0  462   [4]  00 00 29 00
 (352.026338)  can0  464   [8]  AC 69 AF 02 EC 02 75 00
 (353.041914)  can0  460   [4]  00 00 29 00
 (353.042128)  can0  462   [4]  00 00 29 00
 (353.042322)  can0  464   [8]  AC 69 AF 02 EC 02 75 00
 (354.054103)  can0  460   [4]  00 00 29 00
 (354.054326)  can0  462   [4]  00 00 29 00
 (354.054529)  can0  464   [8]  AC 69 AF 02 ED 02 75 00
 (355.068113)  can0  460   [4]  00 00 29 00
 (355.068331)  can0  462   [4]  00 00 29 00
 (355.068532)  can0  464   [8]  AC 69 AF 02 ED 02 75 00
 (356.078149)  can0  460   [4]  0B 00 29 00
 (356.078374)  can0  462   [4]  12 00 29 00
 (356.078575)  can0  464   [8]  AC 69 AF 02 EC 02 75 00
 (357.084415)  can0  460   [4]  0B 00 29 00
 (357.084639)  can0  462   [4]  12 00 29 00
 (357.084832)  can0  464   [8]  AC 69 AF 02 EC 02 75 00
 (358.094266)  can0  460   [4]  00 00 29 00
 (358.094485)  can0  462   [4]  00 00 29 00
 (358.094686)  can0  464   [8]  AC 69 AF 02 EC 02 75 00
 (359.002798)  can0  460   [4]  0A 00 29 00
 (359.003025)  can0  462   [4]  12 00 29 00
 (359.003221)  can0  464   [8]  AC 69 AF 02 ED 02 75 00
 (360.016219)  can0  460   [4]  0B 00 29 00
 (360.016448)  can0  462   [4]  12 00 29 00
 (360.016652)  can0  464   [8]  AC 69 AF 02 EC 02 75 00
 (361.027949)  can0  460   [4]  00 00 29 00
 (361.028170)  can0  462   [4]  00 00 29 00
 (361.028365)  can0  464   [8]  AC 69 AF 02 EC 02 75 00
 (362.040063)  can0  460   [4]  00 00 29 00
 (362.040283)  can0  462   [4]  00 00 29 00
 (362.040482)  can0  464   [8]  AC 69 AF 02 EC 02 75 00
 (363.054039)  can0  460   [4]  00 00 29 00
 (363.054256)  can0  462   [4]  00 00 29 00
 (363.054454)  can0  464   [8]  AD 69 AF 02 EC 02 75 00
 (364.064077)  can0  460   [4]  24 00 29 00
 (364.064295)  can0  462   [4]  25 00 29 00
 (364.064492)  can0  464   [8]  AD 69 AF 02 E9 02 75 00
 (365.072280)  can0  460   [4]  55 00 2A 00
 (365.072506)  can0  462   [4]  A6 00 2A 00
 (365.072703)  can0  464   [8]  A8 69 AF 02 DF 02 75 00
 (366.084569)  can0  460   [4]  00 00 2C 00
 (366.084785)  can0  462   [4]  15 01 2C 00
 (366.084972)  can0  464   [8]  9E 69 AF 02 CF 02 75 00
 (367.098495)  can0  460   [4]  00 00 2E 00
 (367.098705)  can0  462   [4]  4D 01 2E 00
 (367.098893)  can0  464   [8]  93 69 AF 02 BB 02 75 00
 (368.010496)  can0  460   [4]  00 00 30 00
 (368.010713)  can0  462   [4]  97 01 30 00
 (368.010916)  can0  464   [8]  8C 69 AF 02 A7 02 75 00
 (369.020354)  can0  460   [4]  79 00 32 00
 (369.020573)  can0  462   [4]  2B 02 32 00
 (369.020772)  can0  464   [8]  86 69 AF 02 8E 02 75 00
 (370.036358)  can0  460   [4]  74 02 34 00
 (370.036585)  can0  462   [4]  75 02 34 00
 (370.036789)  can0  464   [8]  7F 69 AF 02 75 02 75 00
 (371.044537)  can0  460   [4]  8E 00 36 00
 (371.044747)  can0  462   [4]  88 02 36 00
 (371.044944)  can0  464   [8]  78 69 AF 02 5C 02 75 00
 (372.054644)  can0  460   [4]  00 00 38 00
 (372.054875)  can0  462   [4]  9A 02 38 00
 (372.055069)  can0  464   [8]  6F 69 AF 02 43 02 75 00
 (373.062588)  can0  460   [4]  00 00 3A 00
 (373.062807)  can0  462   [4]  9A 02 3A 00
 (373.063004)  can0  464   [8]  68 69 AF 02 2B 02 75 00
 (374.078597)  can0  460   [4]  00 00 3C 00
 (374.078818)  can0  462   [4]  BF 02 3C 00
 (374.079016)  can0  464   [8]  62 69 AF 02 12 02 75 00
 (375.092617)  can0  460   [4]  00 00 3E 00
 (375.092842)  can0  462   [4]  09 03 3E 00
 (375.093047)  can0  464   [8]  5B 69 AF 02 F6 01 75 00
 (376.004173)  can0  460   [4]  87 02 41 00
 (376.004393)  can0  462   [4]  F7 02 41 00
 (376.004590)  can0  464   [8]  54 69 AF 02 DC 01 75 00
 (377.014642)  can0  460   [4]  C4 01 43 00
 (377.014874)  can0  462   [4]  09 03 43 00
 (377.015080)  can0  464   [8]  4C 69 AF 02 C1 01 75 00
 (378.024655)  can0  460   [4]  00 00 45 00
 (378.024874)  can0  462   [4]  F7 02 45 00
 (378.025069)  can0  464   [8]  44 69 AF 02 A6 01 75 00
 (379.036750)  can0  460   [4]  00 00 47 00
 (379.036968)  can0  462   [4]  09 03 47 00
 (379.037167)  can0  464   [8]  3D 69 AF 02 8D 01 75 00
 (380.046686)  can0  460   [4]  00 00 49 00
 (380.046917)  can0  462   [4]  1C 03 49 00
 (380.047113)  can0  464   [8]  36 69 AF 02 74 01 75 00
 (381.058779)  can0  460   [4]  00 00 4C 00
 (381.058996)  can0  462   [4]  41 03 4C 00
 (381.059196)  can0  464   [8]  2F 69 AF 02 5B 01 75 00
 (382.074700)  can0  460   [4]  00 00 4D 00
 (382.074918)  can0  462   [4]  D2 02 4D 00
 (382.075111)  can0  464   [8]  28 69 AF 02 45 01 75 00
 (383.088903)  can0  460   [4]  00 00 4F 00
 (383.089129)  can0  462   [4]  9A 02 4F 00
 (383.089327)  can0  464   [8]  22 69 AF 02 32 01 75 00
 (383.998741)  can0  460   [4]  00 00 51 00
 (383.998960)  can0  462   [4]  9A 02 51 00
 (383.999155)  can0  464   [8]  1C 69 AF 02 1E 01 75 00
 (385.014760)  can0  460   [4]  E3 00 53 00
 (385.014989)  can0  462   [4]  D2 02 53 00
 (385.015183)  can0  464   [8]  16 69 AF 02 06 01 75 00
 (386.030768)  can0  460   [4]  A6 02 55 00
 (386.030986)  can0  462   [4]  1C 03 55 00
 (386.031186)  can0  464   [8]  10 69 AF 02 ED 00 75 00
 (387.044627)  can0  460   [4]  20 03 57 00
 (387.044843)  can0  462   [4]  53 03 57 00
 (387.045033)  can0  464   [8]  0A 69 AF 02 D3 00 75 00
 (388.058809)  can0  460   [4]  CF 01 59 00
 (388.059028)  can0  462   [4]  1C 03 59 00
 (388.059226)  can0  464   [8]  04 69 AF 02 BD 00 75 00
 (389.070464)  can0  460   [4]  8E 00 5A 00
 (389.070681)  can0  462   [4]  88 02 5A 00
 (389.070870)  can0  464   [8]  FF 68 AF 02 AF 00 75 00
 (390.084834)  can0  460   [4]  2F 00 5B 00
 (390.085058)  can0  462   [4]  84 01 5B 00
 (390.085259)  can0  464   [8]  FA 68 AF 02 A9 00 75 00
 (391.098678)  can0  460   [4]  06 00 5B 00
 (391.098901)  can0  462   [4]  3A 01 5B 00
 (391.099100)  can0  464   [8]  F7 68 AF 02 A7 00 75 00
 (392.012866)  can0  460   [4]  11 00 5B 00
 (392.013087)  can0  462   [4]  94 00 5B 00
 (392.013288)  can0  464   [8]  F5 68 AF 02 A8 00 75 00
 (393.026700)  can0  460   [4]  00 00 5B 00
 (393.026914)  can0  462   [4]  12 00 5B 00
 (393.027112)  can0  464   [8]  F3 68 AF 02 AB 00 75 00
 (394.040737)  can0  460   [4]  00 00 5B 00
 (394.040971)  can0  462   [4]  37 00 5B 00
 (394.041169)  can0  464   [8]  F3 68 AF 02 AD 00 75 00
 (395.052913)  can0  460   [4]  00 00 5A 00
 (395.053135)  can0  462   [4]  12 00 5A 00
 (395.053331)  can0  464   [8]  F2 68 AF 02 B0 00 75 00
 (396.066753)  can0  460   [4]  00 00 5A 00
 (396.066969)  can0  462   [4]  12 00 5A 00
 (396.067165)  can0  464   [8]  F1 68 AF 02 B2 00 75 00
 (397.080767)  can0  460   [4]  00 00 5A 00
 (397.080994)  can0  462   [4]  12 00 5A 00
 (397.081194)  can0  464   [8]  F1 68 AF 02 B2 00 75 00
 (398.094970)  can0  460   [4]  00 00 5A 00
 (398.095197)  can0  462   [4]  25 00 5A 00
 (398.095391)  can0  464   [8]  F1 68 AF 02 B2 00 75 00
 (399.010528)  can0  460   [4]  00 00 5A 00
 (399.010738)  can0  462   [4]  25 00 5A 00
 (399.010939)  can0  464   [8]  F1 68 AF 02 B2 00 75 00
 (400.022981)  can0  460   [4]  00 00 5A 00
 (400.023202)  can0  462   [4]  12 00 5A 00
 (400.023400)  can0  464   [8]  F1 68 AF 02 B3 00 75 00
 (401.036847)  can0  460   [4]  00 00 5A 00
 (401.037066)  can0  462   [4]  12 00 5A 00
 (401.037261)  can0  464   [8]  F1 68 AF 02 B3 00 75 00
 (402.045018)  can0  460   [4]  0C 00 5A 00
 (402.045240)  can0  462   [4]  25 00 5A 00
 (402.045438)  can0  464   [8]  F1 68 AF 02 B3 00 75 00
 (403.056853)  can0  460   [4]  0C 00 5A 00
 (403.057076)  can0  462   [4]  12 00 5A 00
 (403.057271)  can0  464   [8]  F1 68 AF 02 B3 00 75 00
 (404.066878)  can0  460   [4]  0E 00 5A 00
 (404.067095)  can0  462   [4]  12 00 5A 00
 (404.067290)  can0  464   [8]  F1 68 AF 02 B3 00 75 00
 (405.072896)  can0  460   [4]  00 00 5A 00
 (405.073133)  can0  462   [4]  00 00 5A 00
 (405.073329)  can0  464   [8]  F1 68 AF 02 B4 00 75 00
 (406.084909)  can0  460   [4]  00 00 5A 00
 (406.085127)  can0  462   [4]  00 00 5A 00
 (406.085323)  can0  464   [8]  F1 68 AF 02 B4 00 75 00
 (407.093109)  can0  460   [4]  12 00 5A 00
 (407.093349)  can0  462   [4]  12 00 5A 00
 (407.093543)  can0  464   [8]  F1 68 AF 02 B4 00 75 00
 (408.002691)  can0  460   [4]  11 00 5A 00
 (408.002913)  can0  462   [4]  12 00 5A 00
 (408.003113)  can0  464   [8]  F1 68 AF 02 B3 00 75 00
 (409.012695)  can0  460   [4]  10 00 5A 00
 (409.012915)  can0  462   [4]  12 00 5A 00
 (409.013115)  can0  464   [8]  F1 68 AF 02 B4 00 75 00
 (410.022977)  can0  460   [4]  0D 00 5A 00
 (410.023205)  can0  462   [4]  12 00 5A 00
 (410.023404)  can0  464   [8]  F1 68 AF 02 B4 00 75 00
 (411.033000)  can0  460   [4]  11 00 5A 00
 (411.033215)  can0  462   [4]  25 00 5A 00
 (411.033399)  can0  464   [8]  F1 68 AF 02 B3 00 75 00
 (412.045175)  can0  460   [4]  0B 00 5A 00
 (412.045396)  can0  462   [4]  37 00 5A 00
 (412.045597)  can0  464   [8]  F1 68 AF 02 B2 00 75 00
 (413.058850)  can0  460   [4]  00 00 5A 00
 (413.059073)  can0  462   [4]  37 00 5A 00
 (413.059271)  can0  464   [8]  F1 68 AF 02 B2 00 75 00
 (414.067206)  can0  460   [4]  00 00 5A 00
 (414.067435)  can0  462   [4]  37 00 5A 00
 (414.067632)  can0  464   [8]  F2 68 AF 02 B1 00 75 00
 (415.079220)  can0  460   [4]  00 00 5A 00
 (415.079435)  can0  462   [4]  4A 00 5A 00
 (415.079632)  can0  464   [8]  F2 68 AF 02 B1 00 75 00
 (416.089238)  can0  460   [4]  00 00 5A 00
 (416.089462)  can0  462   [4]  4A 00 5A 00
 (416.089664)  can0  464   [8]  F2 68 AF 02 B0 00 75 00
 (417.002812)  can0  460   [4]  00 00 5A 00
 (417.003025)  can0  462   [4]  5C 00 5A 00
 (417.003210)  can0  464   [8]  F2 68 AF 02 B0 00 75 00
 (418.016835)  can0  460   [4]  00 00 5A 00
 (418.017064)  can0  462   [4]  4A 00 5A 00
 (418.017259)  can0  464   [8]  F2 68 AF 02 B0 00 75 00
 (419.027288)  can0  460   [4]  00 00 5A 00
 (419.027509)  can0  462   [4]  4A 00 5A 00
 (419.027709)  can0  464   [8]  F2 68 AF 02 B0 00 75 00
 (420.035301)  can0  460   [4]  00 00 5A 00
 (420.035518)  can0  462   [4]  37 00 5A 00
 (420.035716)  can0  464   [8]  F2 68 AF 02 B1 00 75 00
 (421.043305)  can0  460   [4]  00 00 5A 00
 (421.043525)  can0  462   [4]  25 00 5A 00
 (421.043722)  can0  464   [8]  F2 68 AF 02 B1 00 75 00
