 (000.000000)  can0  460   [4]  00 00 00 00
 (000.000219)  can0  462   [4]  00 00 00 00
 (006.442381)  can0  460   [4]  00 00 00 00
 (006.442600)  can0  462   [4]  00 00 00 00
 (006.442806)  can0  464   [8]  A5 67 AF 02 36 02 75 00
 (007.490228)  can0  460   [4]  00 00 00 00
 (007.490442)  can0  462   [4]  00 00 00 00
 (007.490646)  can0  464   [8]  A5 67 AF 02 36 02 75 00
 (008.454508)  can0  460   [4]  00 00 00 00
 (008.454721)  can0  462   [4]  00 00 00 00
 (008.454912)  can0  464   [8]  A5 67 AF 02 36 02 75 00
 (009.504518)  can0  460   [4]  00 00 00 00
 (009.504728)  can0  462   [4]  00 00 00 00
 (009.504921)  can0  464   [8]  A5 67 AF 02 36 02 75 00
 (010.456718)  can0  460   [4]  00 00 00 00
 (010.456933)  can0  462   [4]  00 00 00 00
 (010.457125)  can0  464   [8]  A5 67 AF 02 36 02 75 00
 (011.504650)  can0  460   [4]  00 00 00 00
 (011.504867)  can0  462   [4]  00 00 00 00
 (011.505062)  can0  464   [8]  A5 67 AF 02 36 02 75 00
 (012.452572)  can0  460   [4]  00 00 00 00
 (012.452785)  can0  462   [4]  00 00 00 00
 (012.452976)  can0  464   [8]  A5 67 AF 02 36 02 75 00
 (013.502412)  can0  460   [4]  00 00 00 00
 (013.502623)  can0  462   [4]  00 00 00 00
 (013.502814)  can0  464   [8]  A5 67 AF 02 36 02 75 00
 (014.449931)  can0  460   [4]  00 00 00 00
 (014.450138)  can0  462   [4]  00 00 00 00
 (014.450329)  can0  464   [8]  C9 67 AF 02 81 02 75 00
 (015.502615)  can0  460   [4]  00 00 00 00
 (015.502822)  can0  462   [4]  00 00 00 00
 (015.503014)  can0  464   [8]  CD 67 AF 02 8D 02 75 00
 (016.452725)  can0  460   [4]  00 00 00 00
 (016.452939)  can0  462   [4]  00 00 00 00
 (016.453141)  can0  464   [8]  CE 67 AF 02 92 02 75 00
 (017.500745)  can0  460   [4]  00 00 00 00
 (017.500973)  can0  462   [4]  00 00 00 00
 (017.501166)  can0  464   [8]  D0 67 AF 02 94 02 75 00
 (018.450861)  can0  460   [4]  12 00 00 00
 (018.451073)  can0  462   [4]  12 00 00 00
 (018.451270)  can0  464   [8]  D1 67 AF 02 95 02 75 00
 (019.500788)  can0  460   [4]  12 00 00 00
 (019.500998)  can0  462   [4]  12 00 00 00
 (019.501189)  can0  464   [8]  D2 67 AF 02 94 02 75 00
 (020.452793)  can0  460   [4]  00 00 00 00
 (020.453005)  can0  462   [4]  00 00 00 00
 (020.453201)  can0  464   [8]  D3 67 AF 02 94 02 75 00
 (021.504902)  can0  460   [4]  00 00 00 00
 (021.505132)  can0  462   [4]  00 00 00 00
 (021.505334)  can0  464   [8]  D4 67 AF 02 94 02 75 00
 (022.480923)  can0  460   [4]  00 00 00 00
 (022.481135)  can0  462   [4]  00 00 00 00
 (022.481326)  can0  464   [8]  D4 67 AF 02 95 02 75 00
 (023.528948)  can0  460   [4]  00 00 00 00
 (023.529163)  can0  462   [4]  00 00 00 00
 (023.529359)  can0  464   [8]  D5 67 AF 02 96 02 75 00
 (024.480697)  can0  460   [4]  00 00 00 00
 (024.480906)  can0  462   [4]  00 00 00 00
 (024.481096)  can0  464   [8]  D6 67 AF 02 96 02 75 00
 (025.530802)  can0  460   [4]  00 00 00 00
 (025.531012)  can0  462   [4]  00 00 00 00
 (025.531204)  can0  464   [8]  D6 67 AF 02 96 02 75 00
 (026.480643)  can0  460   [4]  00 00 00 00
 (026.480855)  can0  462   [4]  00 00 00 00
 (026.481046)  can0  464   [8]  D6 67 AF 02 96 02 75 00
 (027.528668)  can0  460   [4]  00 00 00 00
 (027.528880)  can0  462   [4]  00 00 00 00
 (027.529073)  can0  464   [8]  D6 67 AF 02 95 02 75 00
 (028.476769)  can0  460   [4]  00 00 00 00
 (028.476984)  can0  462   [4]  00 00 00 00
 (028.477177)  can0  464   [8]  D6 67 AF 02 94 02 75 00
 (029.524777)  can0  460   [4]  00 00 00 00
 (029.524988)  can0  462   [4]  00 00 00 00
 (029.525181)  can0  464   [8]  D7 67 AF 02 92 02 75 00
 (030.477070)  can0  460   [4]  00 00 00 00
 (030.477281)  can0  462   [4]  00 00 00 00
 (030.477476)  can0  464   [8]  D7 67 AF 02 91 02 75 00
 (031.529081)  can0  460   [4]  00 00 00 00
 (031.529291)  can0  462   [4]  00 00 00 00
 (031.529482)  can0  464   [8]  D7 67 AF 02 91 02 75 00
 (032.482747)  can0  460   [4]  00 00 00 00
 (032.482958)  can0  462   [4]  00 00 00 00
 (032.483149)  can0  464   [8]  D7 67 AF 02 91 02 75 00
 (033.432937)  can0  460   [4]  00 00 00 00
 (033.433150)  can0  462   [4]  00 00 00 00
 (033.433344)  can0  464   [8]  D6 67 AF 02 91 02 75 00
 (034.488967)  can0  460   [4]  12 00 00 00
 (034.489178)  can0  462   [4]  12 00 00 00
 (034.489372)  can0  464   [8]  D5 67 AF 02 91 02 75 00
 (035.529156)  can0  460   [4]  12 00 00 00
 (035.529394)  can0  462   [4]  12 00 00 00
 (035.529588)  can0  464   [8]  D3 67 AF 02 93 02 75 00
 (036.464732)  can0  460   [4]  00 00 00 00
 (036.464941)  can0  462   [4]  00 00 00 00
 (036.465134)  can0  464   [8]  D1 67 AF 02 97 02 75 00
 (037.501104)  can0  460   [4]  00 00 00 00
 (037.501326)  can0  462   [4]  00 00 00 00
 (037.501524)  can0  464   [8]  CE 67 AF 02 9B 02 75 00
 (038.462758)  can0  460   [4]  00 00 00 00
 (038.462971)  can0  462   [4]  00 00 00 00
 (038.463168)  can0  464   [8]  CB 67 AF 02 9F 02 75 00
 (039.496954)  can0  460   [4]  00 00 00 00
 (039.497163)  can0  462   [4]  00 00 00 00
 (039.497353)  can0  464   [8]  C9 67 AF 02 A2 02 75 00
 (040.436894)  can0  460   [4]  12 00 00 00
 (040.437109)  can0  462   [4]  12 00 00 00
 (040.437301)  can0  464   [8]  C7 67 AF 02 A5 02 75 00
 (041.474991)  can0  460   [4]  00 00 00 00
 (041.475197)  can0  462   [4]  00 00 00 00
 (041.475388)  can0  464   [8]  C7 67 AF 02 A8 02 75 00
 (042.509206)  can0  460   [4]  00 00 00 00
 (042.509440)  can0  462   [4]  00 00 00 00
 (042.509634)  can0  464   [8]  C7 67 AF 02 AC 02 75 00
 (043.467112)  can0  460   [4]  00 00 00 00
 (043.467325)  can0  462   [4]  00 00 00 00
 (043.467517)  can0  464   [8]  C8 67 AF 02 AF 02 75 00
 (044.508881)  can0  460   [4]  00 00 00 00
 (044.509103)  can0  462   [4]  00 00 00 00
 (044.509299)  can0  464   [8]  C9 67 AF 02 B2 02 75 00
 (045.449237)  can0  460   [4]  00 00 00 00
 (045.449460)  can0  462   [4]  00 00 00 00
 (045.449656)  can0  464   [8]  CA 67 AF 02 B6 02 75 00
 (046.488908)  can0  460   [4]  00 00 00 00
 (046.489122)  can0  462   [4]  00 00 00 00
 (046.489321)  can0  464   [8]  CC 67 AF 02 B9 02 75 00
 (047.525277)  can0  460   [4]  00 00 00 00
 (047.525489)  can0  462   [4]  00 00 00 00
 (047.525681)  can0  464   [8]  CC 67 AF 02 BC 02 75 00
 (048.458935)  can0  460   [4]  00 00 00 00
 (048.459147)  can0  462   [4]  00 00 00 00
 (048.459342)  can0  464   [8]  CC 67 AF 02 BF 02 75 00
 (049.498964)  can0  460   [4]  00 00 00 00
 (049.499177)  can0  462   [4]  00 00 00 00
 (049.499370)  can0  464   [8]  CC 67 AF 02 C2 02 75 00
 (050.529334)  can0  460   [4]  00 00 00 00
 (050.529546)  can0  462   [4]  00 00 00 00
 (050.529740)  can0  464   [8]  CC 67 AF 02 C4 02 75 00
 (051.460990)  can0  460   [4]  00 00 00 00
 (051.461202)  can0  462   [4]  00 00 00 00
 (051.461394)  can0  464   [8]  CC 67 AF 02 C7 02 75 00
 (052.493269)  can0  460   [4]  00 00 00 00
 (052.493478)  can0  462   [4]  00 00 00 00
 (052.493673)  can0  464   [8]  CD 67 AF 02 CA 02 75 00
 (053.529292)  can0  460   [4]  00 00 00 00
 (053.529511)  can0  462   [4]  00 00 00 00
 (053.529704)  can0  464   [8]  CE 67 AF 02 CB 02 75 00
 (054.469052)  can0  460   [4]  00 00 00 00
 (054.469261)  can0  462   [4]  00 00 00 00
 (054.469459)  can0  464   [8]  CE 67 AF 02 CB 02 75 00
 (055.505241)  can0  460   [4]  00 00 00 00
 (055.505471)  can0  462   [4]  00 00 00 00
 (055.505666)  can0  464   [8]  CF 67 AF 02 CC 02 75 00
 (056.441439)  can0  460   [4]  00 00 00 00
 (056.441660)  can0  462   [4]  00 00 00 00
 (056.441851)  can0  464   [8]  CF 67 AF 02 CE 02 75 00
 (057.477095)  can0  460   [4]  00 00 00 00
 (057.477316)  can0  462   [4]  00 00 00 00
 (057.477509)  can0  464   [8]  CF 67 AF 02 D0 02 75 00
 (058.515459)  can0  460   [4]  00 00 00 00
 (058.515670)  can0  462   [4]  00 00 00 00
 (058.515868)  can0  464   [8]  CF 67 AF 02 D4 02 75 00
 (059.449653)  can0  460   [4]  00 00 00 00
 (059.449864)  can0  462   [4]  00 00 00 00
 (059.450058)  can0  464   [8]  D0 67 AF 02 D6 02 75 00
 (059.450619)  can0  468   [2]  64 00
 (060.489325)  can0  460   [4]  00 00 00 00
 (060.489537)  can0  462   [4]  00 00 00 00
 (060.489734)  can0  464   [8]  D0 67 AF 02 D9 02 75 00
 (061.527177)  can0  460   [4]  00 00 00 00
 (061.527394)  can0  462   [4]  00 00 00 00
 (061.527588)  can0  464   [8]  D1 67 AF 02 DC 02 75 00
 (062.465364)  can0  460   [4]  00 00 00 00
 (062.465575)  can0  462   [4]  00 00 00 00
 (062.465767)  can0  464   [8]  D1 67 AF 02 DF 02 75 00
 (063.509209)  can0  460   [4]  00 00 00 00
 (063.509422)  can0  462   [4]  00 00 00 00
 (063.509616)  can0  464   [8]  D2 67 AF 02 E1 02 75 00
 (064.445397)  can0  460   [4]  00 00 00 00
 (064.445611)  can0  462   [4]  00 00 00 00
 (064.445804)  can0  464   [8]  D3 67 AF 02 E1 02 75 00
 (065.485245)  can0  460   [4]  00 00 00 00
 (065.485469)  can0  462   [4]  00 00 00 00
 (065.485663)  can0  464   [8]  D3 67 AF 02 E1 02 75 00
 (066.521433)  can0  460   [4]  00 00 00 00
 (066.521657)  can0  462   [4]  00 00 00 00
 (066.521851)  can0  464   [8]  D5 67 AF 02 E0 02 75 00
 (067.455631)  can0  460   [4]  00 00 00 00
 (067.455846)  can0  462   [4]  00 00 00 00
 (067.456041)  can0  464   [8]  D7 67 AF 02 DB 02 75 00
 (068.495386)  can0  460   [4]  00 00 00 00
 (068.495603)  can0  462   [4]  00 00 00 00
 (068.495795)  can0  464   [8]  DA 67 AF 02 D6 02 75 00
 (069.433662)  can0  460   [4]  00 00 00 00
 (069.433874)  can0  462   [4]  00 00 00 00
 (069.434066)  can0  464   [8]  DD 67 AF 02 D3 02 75 00
 (070.471327)  can0  460   [4]  00 00 00 00
 (070.471537)  can0  462   [4]  00 00 00 00
 (070.471730)  can0  464   [8]  E0 67 AF 02 CF 02 75 00
 (071.507434)  can0  460   [4]  00 00 00 00
 (071.507641)  can0  462   [4]  00 00 00 00
 (071.507835)  can0  464   [8]  E2 67 AF 02 CD 02 75 00
 (072.441012)  can0  460   [4]  00 00 00 00
 (072.441225)  can0  462   [4]  00 00 00 00
 (072.441426)  can0  464   [8]  E4 67 AF 02 CD 02 75 00
 (073.479466)  can0  460   [4]  00 00 00 00
 (073.479675)  can0  462   [4]  00 00 00 00
 (073.479869)  can0  464   [8]  E8 67 AF 02 CA 02 75 00
 (074.515844)  can0  460   [4]  00 00 00 00
 (074.516055)  can0  462   [4]  00 00 00 00
 (074.516248)  can0  464   [8]  EB 67 AF 02 C7 02 75 00
 (075.455502)  can0  460   [4]  00 00 00 00
 (075.455714)  can0  462   [4]  00 00 00 00
 (075.455906)  can0  464   [8]  ED 67 AF 02 C2 02 75 00
 (076.491875)  can0  460   [4]  00 00 00 00
 (076.492085)  can0  462   [4]  00 00 00 00
 (076.492278)  can0  464   [8]  EF 67 AF 02 BD 02 75 00
 (077.525538)  can0  460   [4]  00 00 00 00
 (077.525746)  can0  462   [4]  00 00 00 00
 (077.525943)  can0  464   [8]  F0 67 AF 02 B8 02 75 00
 (078.465553)  can0  460   [4]  00 00 00 00
 (078.465766)  can0  462   [4]  00 00 00 00
 (078.465958)  can0  464   [8]  F1 67 AF 02 B8 02 75 00
 (079.503842)  can0  460   [4]  00 00 00 00
 (079.504054)  can0  462   [4]  00 00 00 00
 (079.504248)  can0  464   [8]  F4 67 AF 02 B7 02 75 00
 (080.445065)  can0  460   [4]  00 00 00 00
 (080.445277)  can0  462   [4]  00 00 00 00
 (080.445471)  can0  464   [8]  F6 67 AF 02 B5 02 75 00
 (081.477614)  can0  460   [4]  00 00 00 00
 (081.477827)  can0  462   [4]  00 00 00 00
 (081.478024)  can0  464   [8]  F8 67 AF 02 B2 02 75 00
 (082.513629)  can0  460   [4]  00 00 00 00
 (082.513839)  can0  462   [4]  00 00 00 00
 (082.514031)  can0  464   [8]  FA 67 AF 02 B0 02 75 00
 (090.456169)  can0  460   [4]  00 00 00 00
 (090.456380)  can0  462   [4]  00 00 00 00
 (090.456574)  can0  464   [8]  C8 67 AF 02 AF 02 75 00
 (091.517700)  can0  460   [4]  00 00 00 00
 (091.517913)  can0  462   [4]  00 00 00 00
 (091.518108)  can0  464   [8]  C8 67 AF 02 AF 02 75 00
 (092.463982)  can0  460   [4]  00 00 00 00
 (092.464194)  can0  462   [4]  00 00 00 00
 (092.464387)  can0  464   [8]  C8 67 AF 02 AF 02 75 00
 (093.508444)  can0  460   [4]  00 00 00 00
 (093.508656)  can0  462   [4]  00 00 00 00
 (093.508847)  can0  464   [8]  C8 67 AF 02 AF 02 75 00
 (094.456717)  can0  460   [4]  00 00 00 00
 (094.456936)  can0  462   [4]  00 00 00 00
 (094.457128)  can0  464   [8]  C8 67 AF 02 AF 02 75 00
 (095.506753)  can0  460   [4]  00 00 00 00
 (095.506965)  can0  462   [4]  00 00 00 00
 (095.507158)  can0  464   [8]  C8 67 AF 02 AF 02 75 00
 (096.433305)  can0  460   [4]  00 00 00 00
 (096.433529)  can0  462   [4]  00 00 00 00
 (096.433724)  can0  464   [8]  C8 67 AF 02 AF 02 75 00
 (097.465077)  can0  460   [4]  00 00 00 00
 (097.465290)  can0  462   [4]  00 00 00 00
 (097.465485)  can0  464   [8]  C8 67 AF 02 AF 02 75 00
 (098.492030)  can0  460   [4]  00 00 00 00
 (098.492253)  can0  462   [4]  00 00 00 00
 (098.492453)  can0  464   [8]  C8 67 AF 02 AF 02 75 00
 (099.523926)  can0  460   [4]  00 00 00 00
 (099.524139)  can0  462   [4]  00 00 00 00
 (099.524334)  can0  464   [8]  C8 67 AF 02 AF 02 75 00
 (100.453976)  can0  460   [4]  00 00 00 00
 (100.454187)  can0  462   [4]  00 00 00 00
 (100.454387)  can0  464   [8]  16 68 AF 02 AE 02 75 00
 (101.482183)  can0  460   [4]  00 00 00 00
 (101.482395)  can0  462   [4]  00 00 00 00
 (101.482589)  can0  464   [8]  1D 68 AF 02 AF 02 75 00
 (102.510451)  can0  460   [4]  00 00 00 00
 (102.510661)  can0  462   [4]  00 00 00 00
 (102.510860)  can0  464   [8]  1F 68 AF 02 B0 02 75 00
 (103.441134)  can0  460   [4]  00 00 00 00
 (103.441345)  can0  462   [4]  00 00 00 00
 (103.441538)  can0  464   [8]  20 68 AF 02 AF 02 75 00
 (104.470813)  can0  460   [4]  00 00 00 00
 (104.471024)  can0  462   [4]  00 00 00 00
 (104.471216)  can0  464   [8]  20 68 AF 02 AF 02 75 00
 (105.502981)  can0  460   [4]  00 00 00 00
 (105.503195)  can0  462   [4]  00 00 00 00
 (105.503386)  can0  464   [8]  20 68 AF 02 AE 02 75 00
 (106.435678)  can0  460   [4]  00 00 00 00
 (106.435890)  can0  462   [4]  00 00 00 00
 (106.436082)  can0  464   [8]  20 68 AF 02 AE 02 75 00
 (107.476635)  can0  460   [4]  00 00 00 00
 (107.476865)  can0  462   [4]  00 00 00 00
 (107.477060)  can0  464   [8]  1F 68 AF 02 AD 02 75 00
 (108.509768)  can0  460   [4]  00 00 00 00
 (108.509974)  can0  462   [4]  00 00 00 00
 (108.510168)  can0  464   [8]  1F 68 AF 02 AC 02 75 00
 (109.443484)  can0  460   [4]  00 00 00 00
 (109.443699)  can0  462   [4]  00 00 00 00
 (109.443893)  can0  464   [8]  1F 68 AF 02 A9 02 75 00
 (110.480706)  can0  460   [4]  00 00 00 00
 (110.480913)  can0  462   [4]  00 00 00 00
 (110.481105)  can0  464   [8]  20 68 AF 02 A6 02 75 00
 (111.520178)  can0  460   [4]  00 00 00 00
 (111.520389)  can0  462   [4]  00 00 00 00
 (111.520584)  can0  464   [8]  21 68 AF 02 A3 02 75 00
 (112.457637)  can0  460   [4]  00 00 00 00
 (112.457849)  can0  462   [4]  00 00 00 00
 (112.458042)  can0  464   [8]  22 68 AF 02 A1 02 75 00
 (113.494823)  can0  460   [4]  00 00 00 00
 (113.495035)  can0  462   [4]  00 00 00 00
 (113.495226)  can0  464   [8]  23 68 AF 02 9F 02 75 00
 (114.525058)  can0  460   [4]  00 00 00 00
 (114.525272)  can0  462   [4]  00 00 00 00
 (114.525464)  can0  464   [8]  24 68 AF 02 9C 02 75 00
 (115.455277)  can0  460   [4]  00 00 00 00
 (115.455489)  can0  462   [4]  00 00 00 00
 (115.455691)  can0  464   [8]  25 68 AF 02 9A 02 75 00
 (116.489683)  can0  460   [4]  00 00 00 00
 (116.489903)  can0  462   [4]  00 00 00 00
 (116.490098)  can0  464   [8]  25 68 AF 02 97 02 75 00
 (117.523831)  can0  460   [4]  00 00 00 00
 (117.524040)  can0  462   [4]  00 00 00 00
 (117.524232)  can0  464   [8]  26 68 AF 02 94 02 75 00
 (118.459797)  can0  460   [4]  00 00 00 00
 (118.460007)  can0  462   [4]  00 00 00 00
 (118.460203)  can0  464   [8]  26 68 AF 02 92 02 75 00
 (119.491929)  can0  460   [4]  00 00 00 00
 (119.492146)  can0  462   [4]  00 00 00 00
 (119.492342)  can0  464   [8]  27 68 AF 02 8F 02 75 00
 (120.526573)  can0  460   [4]  00 00 00 00
 (120.526784)  can0  462   [4]  00 00 00 00
 (120.526978)  can0  464   [8]  26 68 AF 02 8C 02 75 00
 (121.457231)  can0  460   [4]  00 00 00 00
 (121.457444)  can0  462   [4]  00 00 00 00
 (121.457638)  can0  464   [8]  25 68 AF 02 89 02 75 00
 (122.489698)  can0  460   [4]  00 00 00 00
 (122.489922)  can0  462   [4]  00 00 00 00
 (122.490114)  can0  464   [8]  24 68 AF 02 87 02 75 00
 (123.526071)  can0  460   [4]  00 00 00 00
 (123.526279)  can0  462   [4]  00 00 00 00
 (123.526469)  can0  464   [8]  23 68 AF 02 85 02 75 00
 (124.458497)  can0  460   [4]  00 00 00 00
 (124.458708)  can0  462   [4]  00 00 00 00
 (124.458900)  can0  464   [8]  22 68 AF 02 82 02 75 00
 (125.490809)  can0  460   [4]  00 00 00 00
 (125.491029)  can0  462   [4]  00 00 00 00
 (125.491220)  can0  464   [8]  21 68 AF 02 81 02 75 00
 (126.528047)  can0  460   [4]  00 00 00 00
 (126.528261)  can0  462   [4]  00 00 00 00
 (126.528452)  can0  464   [8]  20 68 AF 02 80 02 75 00
 (127.465470)  can0  460   [4]  00 00 00 00
 (127.465686)  can0  462   [4]  00 00 00 00
 (127.465884)  can0  464   [8]  1E 68 AF 02 7F 02 75 00
 (128.498738)  can0  460   [4]  00 00 00 00
 (128.498950)  can0  462   [4]  00 00 00 00
 (128.499147)  can0  464   [8]  1D 68 AF 02 7E 02 75 00
 (129.437275)  can0  460   [4]  00 00 00 00
 (129.437498)  can0  462   [4]  00 00 00 00
 (129.437692)  can0  464   [8]  1D 68 AF 02 7E 02 75 00
 (130.470911)  can0  460   [4]  00 00 00 00
 (130.471125)  can0  462   [4]  00 00 00 00
 (130.471318)  can0  464   [8]  1D 68 AF 02 7F 02 75 00
 (131.505915)  can0  460   [4]  00 00 00 00
 (131.506132)  can0  462   [4]  00 00 00 00
 (131.506326)  can0  464   [8]  1E 68 AF 02 80 02 75 00
 (132.434183)  can0  460   [4]  00 00 00 00
 (132.434406)  can0  462   [4]  00 00 00 00
 (132.434599)  can0  464   [8]  1F 68 AF 02 81 02 75 00
 (133.469640)  can0  460   [4]  00 00 00 00
 (133.469852)  can0  462   [4]  00 00 00 00
 (133.470045)  can0  464   [8]  1F 68 AF 02 82 02 75 00
 (134.503289)  can0  460   [4]  00 00 00 00
 (134.503502)  can0  462   [4]  00 00 00 00
 (134.503695)  can0  464   [8]  20 68 AF 02 83 02 75 00
 (135.433619)  can0  460   [4]  00 00 00 00
 (135.433839)  can0  462   [4]  00 00 00 00
 (135.434034)  can0  464   [8]  20 68 AF 02 83 02 75 00
 (136.468602)  can0  460   [4]  00 00 00 00
 (136.468815)  can0  462   [4]  00 00 00 00
 (136.469007)  can0  464   [8]  20 68 AF 02 83 02 75 00
 (137.501651)  can0  460   [4]  00 00 00 00
 (137.501865)  can0  462   [4]  00 00 00 00
 (137.502057)  can0  464   [8]  20 68 AF 02 83 02 75 00
 (138.435975)  can0  460   [4]  00 00 00 00
 (138.436187)  can0  462   [4]  00 00 00 00
 (138.436380)  can0  464   [8]  1F 68 AF 02 84 02 75 00
 (139.472974)  can0  460   [4]  00 00 00 00
 (139.473190)  can0  462   [4]  00 00 00 00
 (139.473383)  can0  464   [8]  1E 68 AF 02 84 02 75 00
 (140.510542)  can0  460   [4]  00 00 00 00
 (140.510754)  can0  462   [4]  00 00 00 00
 (140.510951)  can0  464   [8]  1E 68 AF 02 84 02 75 00
 (141.442322)  can0  460   [4]  00 00 00 00
 (141.442539)  can0  462   [4]  00 00 00 00
 (141.442732)  can0  464   [8]  1D 68 AF 02 83 02 75 00
 (142.479213)  can0  460   [4]  00 00 00 00
 (142.479427)  can0  462   [4]  00 00 00 00
 (142.479620)  can0  464   [8]  1D 68 AF 02 81 02 75 00
 (143.514254)  can0  460   [4]  00 00 00 00
 (143.514467)  can0  462   [4]  00 00 00 00
 (143.514659)  can0  464   [8]  1C 68 AF 02 80 02 75 00
 (144.446709)  can0  460   [4]  00 00 00 00
 (144.446923)  can0  462   [4]  00 00 00 00
 (144.447117)  can0  464   [8]  1C 68 AF 02 7E 02 75 00
 (145.483221)  can0  460   [4]  00 00 00 00
 (145.483451)  can0  462   [4]  00 00 00 00
 (145.483647)  can0  464   [8]  1B 68 AF 02 7C 02 75 00
 (146.528355)  can0  460   [4]  00 00 00 00
 (146.528567)  can0  462   [4]  00 00 00 00
 (146.528757)  can0  464   [8]  1A 68 AF 02 78 02 75 00
 (147.468733)  can0  460   [4]  00 00 00 00
 (147.468946)  can0  462   [4]  00 00 00 00
 (147.469140)  can0  464   [8]  17 68 AF 02 76 02 75 00
 (148.510737)  can0  460   [4]  00 00 00 00
 (148.510949)  can0  462   [4]  00 00 00 00
 (148.511144)  can0  464   [8]  15 68 AF 02 76 02 75 00
 (149.446894)  can0  460   [4]  00 00 00 00
 (149.447108)  can0  462   [4]  00 00 00 00
 (149.447304)  can0  464   [8]  12 68 AF 02 76 02 75 00
 (150.510750)  can0  460   [4]  00 00 00 00
 (150.510967)  can0  462   [4]  00 00 00 00
 (150.511161)  can0  464   [8]  10 68 AF 02 78 02 75 00
 (151.447100)  can0  460   [4]  00 00 00 00
 (151.447313)  can0  462   [4]  00 00 00 00
 (151.447507)  can0  464   [8]  0B 68 AF 02 7A 02 75 00
 (152.491197)  can0  460   [4]  00 00 00 00
 (152.491413)  can0  462   [4]  00 00 00 00
 (152.491608)  can0  464   [8]  06 68 AF 02 7B 02 75 00
 (153.533534)  can0  460   [4]  00 00 00 00
 (153.533744)  can0  462   [4]  00 00 00 00
 (153.533937)  can0  464   [8]  02 68 AF 02 7E 02 75 00
 (154.476437)  can0  460   [4]  00 00 00 00
 (154.476661)  can0  462   [4]  00 00 00 00
 (154.476855)  can0  464   [8]  FE 67 AF 02 82 02 75 00
 (155.515439)  can0  460   [4]  00 00 00 00
 (155.515648)  can0  462   [4]  00 00 00 00
 (155.515846)  can0  464   [8]  FB 67 AF 02 83 02 75 00
 (156.461486)  can0  460   [4]  12 00 00 00
 (156.461702)  can0  462   [4]  12 00 00 00
 (156.461905)  can0  464   [8]  FA 67 AF 02 82 02 75 00
 (157.510676)  can0  460   [4]  6F 00 00 00
 (157.510888)  can0  462   [4]  6F 00 00 00
 (157.511087)  can0  464   [8]  FA 67 AF 02 7F 02 75 00
 (158.453945)  can0  460   [4]  94 00 00 00
 (158.454158)  can0  462   [4]  94 00 00 00
 (158.454350)  can0  464   [8]  FB 67 AF 02 7D 02 75 00
 (159.501266)  can0  460   [4]  81 00 00 00
 (159.501475)  can0  462   [4]  81 00 00 00
 (159.501664)  can0  464   [8]  FB 67 AF 02 7C 02 75 00
 (160.439946)  can0  460   [4]  94 00 01 00
 (160.440158)  can0  462   [4]  94 00 01 00
 (160.440350)  can0  464   [8]  FA 67 AF 02 7A 02 75 00
 (161.487152)  can0  460   [4]  94 00 01 00
 (161.487366)  can0  462   [4]  94 00 01 00
 (161.487565)  can0  464   [8]  F9 67 AF 02 76 02 75 00
 (162.530116)  can0  460   [4]  6F 00 02 00
 (162.530326)  can0  462   [4]  6F 00 02 00
 (162.530517)  can0  464   [8]  F8 67 AF 02 71 02 75 00
 (163.467983)  can0  460   [4]  4A 00 02 00
 (163.468195)  can0  462   [4]  4A 00 02 00
 (163.468389)  can0  464   [8]  FD 67 AF 02 6E 02 75 00
 (164.512831)  can0  460   [4]  4A 00 02 00
 (164.513070)  can0  462   [4]  4A 00 02 00
 (164.513273)  can0  464   [8]  05 68 AF 02 6B 02 75 00
 (165.459813)  can0  460   [4]  12 00 02 00
 (165.460028)  can0  462   [4]  12 00 02 00
 (165.460221)  can0  464   [8]  0F 68 AF 02 6E 02 75 00
 (166.500935)  can0  460   [4]  37 00 02 00
 (166.501148)  can0  462   [4]  37 00 02 00
 (166.501340)  can0  464   [8]  16 68 AF 02 71 02 75 00
 (167.440391)  can0  460   [4]  6F 00 03 00
 (167.440612)  can0  462   [4]  6F 00 03 00
 (167.440808)  can0  464   [8]  1B 68 AF 02 75 02 75 00
 (168.486084)  can0  460   [4]  81 00 03 00
 (168.486300)  can0  462   [4]  81 00 03 00
 (168.486493)  can0  464   [8]  1E 68 AF 02 7A 02 75 00
 (169.526907)  can0  460   [4]  CB 00 03 00
 (169.527123)  can0  462   [4]  CB 00 03 00
 (169.527317)  can0  464   [8]  1F 68 AF 02 7C 02 75 00
 (170.471940)  can0  460   [4]  CB 00 04 00
 (170.472155)  can0  462   [4]  CB 00 04 00
 (170.472350)  can0  464   [8]  20 68 AF 02 81 02 75 00
 (171.521188)  can0  460   [4]  4A 00 04 00
 (171.521398)  can0  462   [4]  4A 00 04 00
 (171.521593)  can0  464   [8]  23 68 AF 02 88 02 75 00
 (172.466243)  can0  460   [4]  25 00 04 00
 (172.466455)  can0  462   [4]  25 00 04 00
 (172.466646)  can0  464   [8]  26 68 AF 02 8F 02 75 00
 (173.529485)  can0  460   [4]  12 00 05 00
 (173.529697)  can0  462   [4]  12 00 05 00
 (173.529892)  can0  464   [8]  28 68 AF 02 94 02 75 00
 (174.470856)  can0  460   [4]  00 00 05 00
 (174.471068)  can0  462   [4]  00 00 05 00
 (174.471260)  can0  464   [8]  29 68 AF 02 98 02 75 00
 (175.515159)  can0  460   [4]  00 00 05 00
 (175.515368)  can0  462   [4]  00 00 05 00
 (175.515560)  can0  464   [8]  2C 68 AF 02 95 02 75 00
 (176.458643)  can0  460   [4]  00 00 05 00
 (176.458854)  can0  462   [4]  00 00 05 00
 (176.459045)  can0  464   [8]  30 68 AF 02 91 02 75 00
 (177.500000)  can0  460   [4]  00 00 05 00
 (177.500212)  can0  462   [4]  00 00 05 00
 (177.500402)  can0  464   [8]  32 68 AF 02 8C 02 75 00
 (178.441499)  can0  460   [4]  00 00 05 00
 (178.441712)  can0  462   [4]  00 00 05 00
 (178.441901)  can0  464   [8]  33 68 AF 02 87 02 75 00
 (179.488714)  can0  460   [4]  00 00 05 00
 (179.488929)  can0  462   [4]  00 00 05 00
 (179.489128)  can0  464   [8]  32 68 AF 02 84 02 75 00
 (180.531527)  can0  460   [4]  00 00 05 00
 (180.531740)  can0  462   [4]  00 00 05 00
 (180.531934)  can0  464   [8]  31 68 AF 02 82 02 75 00
 (181.472914)  can0  460   [4]  00 00 05 00
 (181.473130)  can0  462   [4]  00 00 05 00
 (181.473321)  can0  464   [8]  30 68 AF 02 80 02 75 00
 (182.514255)  can0  460   [4]  00 00 05 00
 (182.514469)  can0  462   [4]  00 00 05 00
 (182.514660)  can0  464   [8]  2F 68 AF 02 7E 02 75 00
 (183.459373)  can0  460   [4]  00 00 05 00
 (183.459586)  can0  462   [4]  00 00 05 00
 (183.459784)  can0  464   [8]  2D 68 AF 02 7D 02 75 00
 (184.498827)  can0  460   [4]  00 00 05 00
 (184.499039)  can0  462   [4]  00 00 05 00
 (184.499234)  can0  464   [8]  2B 68 AF 02 7B 02 75 00
 (185.437746)  can0  460   [4]  00 00 05 00
 (185.437955)  can0  462   [4]  00 00 05 00
 (185.438149)  can0  464   [8]  28 68 AF 02 7B 02 75 00
 (186.486272)  can0  460   [4]  00 00 05 00
 (186.486481)  can0  462   [4]  00 00 05 00
 (186.486669)  can0  464   [8]  26 68 AF 02 79 02 75 00
 (187.530055)  can0  460   [4]  00 00 05 00
 (187.530263)  can0  462   [4]  00 00 05 00
 (187.530458)  can0  464   [8]  26 68 AF 02 78 02 75 00
 (188.475913)  can0  460   [4]  94 00 05 00
 (188.476146)  can0  462   [4]  94 00 05 00
 (188.476343)  can0  464   [8]  26 68 AF 02 70 02 75 00
 (189.521613)  can0  460   [4]  81 00 05 00
 (189.521826)  can0  462   [4]  81 00 05 00
 (189.522017)  can0  464   [8]  24 68 AF 02 71 02 75 00
 (190.471628)  can0  460   [4]  94 00 06 00
 (190.471838)  can0  462   [4]  94 00 06 00
 (190.472031)  can0  464   [8]  21 68 AF 02 75 02 75 00
 (191.517571)  can0  460   [4]  37 00 06 00
 (191.517784)  can0  462   [4]  37 00 06 00
 (191.517980)  can0  464   [8]  1E 68 AF 02 81 02 75 00
 (192.460591)  can0  460   [4]  12 00 06 00
 (192.460817)  can0  462   [4]  12 00 06 00
 (192.461010)  can0  464   [8]  1A 68 AF 02 87 02 75 00
 (193.522183)  can0  460   [4]  00 00 06 00
 (193.522395)  can0  462   [4]  00 00 06 00
 (193.522587)  can0  464   [8]  13 68 AF 02 8C 02 75 00
 (194.468122)  can0  460   [4]  00 00 06 00
 (194.468337)  can0  462   [4]  00 00 06 00
 (194.468528)  can0  464   [8]  0C 68 AF 02 91 02 75 00
 (195.512453)  can0  460   [4]  00 00 06 00
 (195.512660)  can0  462   [4]  00 00 06 00
 (195.512852)  can0  464   [8]  08 68 AF 02 93 02 75 00
 (196.454823)  can0  460   [4]  00 00 06 00
 (196.455037)  can0  462   [4]  00 00 06 00
 (196.455230)  can0  464   [8]  06 68 AF 02 95 02 75 00
 (197.500420)  can0  460   [4]  00 00 06 00
 (197.500632)  can0  462   [4]  00 00 06 00
 (197.500829)  can0  464   [8]  03 68 AF 02 95 02 75 00
 (198.440411)  can0  460   [4]  6F 00 06 00
 (198.440626)  can0  462   [4]  6F 00 06 00
 (198.440825)  can0  464   [8]  01 68 AF 02 92 02 75 00
 (199.492738)  can0  460   [4]  25 00 06 00
 (199.492946)  can0  462   [4]  25 00 06 00
 (199.493139)  can0  464   [8]  01 68 AF 02 91 02 75 00
 (200.534431)  can0  460   [4]  12 00 06 00
 (200.534639)  can0  462   [4]  12 00 06 00
 (200.534829)  can0  464   [8]  01 68 AF 02 93 02 75 00
 (201.480438)  can0  460   [4]  94 00 07 00
 (201.480657)  can0  462   [4]  94 00 07 00
 (201.480850)  can0  464   [8]  FF 67 AF 02 91 02 75 00
 (202.526255)  can0  460   [4]  B9 00 07 00
 (202.526464)  can0  462   [4]  B9 00 07 00
 (202.526661)  can0  464   [8]  FE 67 AF 02 90 02 75 00
 (203.469854)  can0  460   [4]  CB 00 08 00
 (203.470071)  can0  462   [4]  CB 00 08 00
 (203.470262)  can0  464   [8]  FD 67 AF 02 91 02 75 00
 (204.515536)  can0  460   [4]  4A 00 08 00
 (204.515746)  can0  462   [4]  4A 00 08 00
 (204.515939)  can0  464   [8]  FB 67 AF 02 96 02 75 00
 (205.459091)  can0  460   [4]  5C 00 08 00
 (205.459306)  can0  462   [4]  5C 00 08 00
 (205.459504)  can0  464   [8]  FB 67 AF 02 98 02 75 00
 (206.505552)  can0  460   [4]  25 00 08 00
 (206.505764)  can0  462   [4]  25 00 08 00
 (206.505957)  can0  464   [8]  FB 67 AF 02 9C 02 75 00
 (207.450589)  can0  460   [4]  25 00 09 00
 (207.450807)  can0  462   [4]  25 00 09 00
 (207.451002)  can0  464   [8]  FB 67 AF 02 9D 02 75 00
 (208.498909)  can0  460   [4]  4A 00 09 00
 (208.499122)  can0  462   [4]  4A 00 09 00
 (208.499316)  can0  464   [8]  FB 67 AF 02 9D 02 75 00
 (209.444737)  can0  460   [4]  4A 00 09 00
 (209.444965)  can0  462   [4]  4A 00 09 00
 (209.445165)  can0  464   [8]  FA 67 AF 02 9D 02 75 00
 (210.497221)  can0  460   [4]  5C 00 09 00
 (210.497439)  can0  462   [4]  5C 00 09 00
 (210.497636)  can0  464   [8]  FA 67 AF 02 9C 02 75 00
 (211.441950)  can0  460   [4]  6F 00 09 00
 (211.442174)  can0  462   [4]  6F 00 09 00
 (211.442378)  can0  464   [8]  FA 67 AF 02 9B 02 75 00
 (212.494121)  can0  460   [4]  81 00 0A 00
 (212.494348)  can0  462   [4]  81 00 0A 00
 (212.494549)  can0  464   [8]  F9 67 AF 02 9A 02 75 00
 (213.443960)  can0  460   [4]  6F 00 0A 00
 (213.444178)  can0  462   [4]  6F 00 0A 00
 (213.444374)  can0  464   [8]  FA 67 AF 02 9C 02 75 00
 (214.492631)  can0  460   [4]  94 00 0A 00
 (214.492853)  can0  462   [4]  94 00 0A 00
 (214.493052)  can0  464   [8]  F9 67 AF 02 9B 02 75 00
 (215.437702)  can0  460   [4]  A6 00 0B 00
 (215.437926)  can0  462   [4]  A6 00 0B 00
 (215.438120)  can0  464   [8]  F9 67 AF 02 9D 02 75 00
 (216.490928)  can0  460   [4]  A6 00 0B 00
 (216.491153)  can0  462   [4]  A6 00 0B 00
 (216.491352)  can0  464   [8]  F8 67 AF 02 A1 02 75 00
 (217.440900)  can0  460   [4]  81 00 0C 00
 (217.441126)  can0  462   [4]  81 00 0C 00
 (217.441323)  can0  464   [8]  F6 67 AF 02 A6 02 75 00
 (218.487095)  can0  460   [4]  81 00 0C 00
 (218.487327)  can0  462   [4]  81 00 0C 00
 (218.487520)  can0  464   [8]  F6 67 AF 02 A9 02 75 00
 (219.435156)  can0  460   [4]  37 00 0C 00
 (219.435381)  can0  462   [4]  37 00 0C 00
 (219.435585)  can0  464   [8]  F5 67 AF 02 AE 02 75 00
 (220.485542)  can0  460   [4]  12 00 0C 00
 (220.485761)  can0  462   [4]  12 00 0C 00
 (220.485961)  can0  464   [8]  F5 67 AF 02 B3 02 75 00
 (221.450032)  can0  460   [4]  00 00 0C 00
 (221.450257)  can0  462   [4]  00 00 0C 00
 (221.450461)  can0  464   [8]  F4 67 AF 02 B9 02 75 00
 (222.500100)  can0  460   [4]  00 00 0C 00
 (222.500318)  can0  462   [4]  00 00 0C 00
 (222.500519)  can0  464   [8]  F2 67 AF 02 C0 02 75 00
 (223.442993)  can0  460   [4]  00 00 0C 00
 (223.443212)  can0  462   [4]  00 00 0C 00
 (223.443414)  can0  464   [8]  EF 67 AF 02 C8 02 75 00
 (224.493453)  can0  460   [4]  81 00 0D 00
 (224.493674)  can0  462   [4]  81 00 0D 00
 (224.493870)  can0  464   [8]  F4 67 AF 02 D1 02 75 00
 (225.436085)  can0  460   [4]  6F 00 0D 00
 (225.436298)  can0  462   [4]  6F 00 0D 00
 (225.436496)  can0  464   [8]  FC 67 AF 02 DC 02 75 00
 (226.482385)  can0  460   [4]  37 00 0D 00
 (226.482600)  can0  462   [4]  37 00 0D 00
 (226.482795)  can0  464   [8]  01 68 AF 02 E4 02 75 00
 (227.532750)  can0  460   [4]  37 00 0D 00
 (227.532961)  can0  462   [4]  37 00 0D 00
 (227.533154)  can0  464   [8]  03 68 AF 02 E8 02 75 00
 (228.484323)  can0  460   [4]  25 00 0D 00
 (228.484540)  can0  462   [4]  25 00 0D 00
 (228.484737)  can0  464   [8]  04 68 AF 02 EB 02 75 00
 (229.534799)  can0  460   [4]  25 00 0E 00
 (229.535007)  can0  462   [4]  25 00 0E 00
 (229.535200)  can0  464   [8]  05 68 AF 02 EC 02 75 00
 (230.488541)  can0  460   [4]  4A 00 0E 00
 (230.488755)  can0  462   [4]  4A 00 0E 00
 (230.488947)  can0  464   [8]  05 68 AF 02 EC 02 75 00
 (231.435499)  can0  460   [4]  5C 00 0E 00
 (231.435711)  can0  462   [4]  5C 00 0E 00
 (231.435907)  can0  464   [8]  05 68 AF 02 EB 02 75 00
 (232.483591)  can0  460   [4]  25 00 0E 00
 (232.483803)  can0  462   [4]  25 00 0E 00
 (232.483996)  can0  464   [8]  06 68 AF 02 ED 02 75 00
 (233.532213)  can0  460   [4]  12 00 0E 00
 (233.532427)  can0  462   [4]  12 00 0E 00
 (233.532623)  can0  464   [8]  07 68 AF 02 EE 02 75 00
 (234.486696)  can0  460   [4]  25 00 0E 00
 (234.486914)  can0  462   [4]  25 00 0E 00
 (234.487107)  can0  464   [8]  07 68 AF 02 EE 02 75 00
 (235.532841)  can0  460   [4]  25 00 0E 00
 (235.533049)  can0  462   [4]  25 00 0E 00
 (235.533246)  can0  464   [8]  07 68 AF 02 EF 02 75 00
 (236.483121)  can0  460   [4]  12 00 0E 00
 (236.483337)  can0  462   [4]  12 00 0E 00
 (236.483531)  can0  464   [8]  07 68 AF 02 EF 02 75 00
 (237.533389)  can0  460   [4]  25 00 0F 00
 (237.533603)  can0  462   [4]  25 00 0F 00
 (237.533794)  can0  464   [8]  07 68 AF 02 EF 02 75 00
 (238.477349)  can0  460   [4]  37 00 0F 00
 (238.477562)  can0  462   [4]  37 00 0F 00
 (238.477754)  can0  464   [8]  07 68 AF 02 EE 02 75 00
 (239.527198)  can0  460   [4]  12 00 0F 00
 (239.527410)  can0  462   [4]  12 00 0F 00
 (239.527603)  can0  464   [8]  07 68 AF 02 EF 02 75 00
 (240.476870)  can0  460   [4]  00 00 0F 00
 (240.477086)  can0  462   [4]  00 00 0F 00
 (240.477281)  can0  464   [8]  07 68 AF 02 EF 02 75 00
 (241.440925)  can0  460   [4]  00 00 0F 00
 (241.441138)  can0  462   [4]  00 00 0F 00
 (241.441332)  can0  464   [8]  07 68 AF 02 F0 02 75 00
 (242.488493)  can0  460   [4]  00 00 0F 00
 (242.488706)  can0  462   [4]  00 00 0F 00
 (242.488901)  can0  464   [8]  07 68 AF 02 F0 02 75 00
 (243.532386)  can0  460   [4]  00 00 0F 00
 (243.532604)  can0  462   [4]  00 00 0F 00
 (243.532800)  can0  464   [8]  07 68 AF 02 F1 02 75 00
 (244.480744)  can0  460   [4]  00 00 0F 00
 (244.480958)  can0  462   [4]  00 00 0F 00
 (244.481150)  can0  464   [8]  07 68 AF 02 F1 02 75 00
 (245.530390)  can0  460   [4]  00 00 0F 00
 (245.530604)  can0  462   [4]  00 00 0F 00
 (245.530808)  can0  464   [8]  07 68 AF 02 F1 02 75 00
 (246.481044)  can0  460   [4]  00 00 0F 00
 (246.481267)  can0  462   [4]  00 00 0F 00
 (246.481468)  can0  464   [8]  07 68 AF 02 F1 02 75 00
 (247.531174)  can0  460   [4]  00 00 0F 00
 (247.531397)  can0  462   [4]  00 00 0F 00
 (247.531599)  can0  464   [8]  07 68 AF 02 F1 02 75 00
 (248.481348)  can0  460   [4]  00 00 0F 00
 (248.481566)  can0  462   [4]  00 00 0F 00
 (248.481763)  can0  464   [8]  07 68 AF 02 F1 02 75 00
 (249.534480)  can0  460   [4]  00 00 0F 00
 (249.534701)  can0  462   [4]  00 00 0F 00
 (249.534898)  can0  464   [8]  07 68 AF 02 F1 02 75 00
 (250.482547)  can0  460   [4]  00 00 0F 00
 (250.482768)  can0  462   [4]  00 00 0F 00
 (250.482964)  can0  464   [8]  07 68 AF 02 F1 02 75 00
 (251.527256)  can0  460   [4]  00 00 0F 00
 (251.527485)  can0  462   [4]  00 00 0F 00
 (251.527684)  can0  464   [8]  07 68 AF 02 F1 02 75 00
 (252.473286)  can0  460   [4]  00 00 0F 00
 (252.473528)  can0  462   [4]  00 00 0F 00
 (252.473730)  can0  464   [8]  07 68 AF 02 F1 02 75 00
 (253.519101)  can0  460   [4]  00 00 0F 00
 (253.519319)  can0  462   [4]  00 00 0F 00
 (253.519512)  can0  464   [8]  07 68 AF 02 F1 02 75 00
 (254.465047)  can0  460   [4]  00 00 0F 00
 (254.465289)  can0  462   [4]  00 00 0F 00
 (254.465490)  can0  464   [8]  07 68 AF 02 F1 02 75 00
 (255.509424)  can0  460   [4]  00 00 0F 00
 (255.509637)  can0  462   [4]  00 00 0F 00
 (255.509828)  can0  464   [8]  07 68 AF 02 F1 02 75 00
 (256.453430)  can0  460   [4]  00 00 0F 00
 (256.453642)  can0  462   [4]  00 00 0F 00
 (256.453835)  can0  464   [8]  07 68 AF 02 F1 02 75 00
 (257.498852)  can0  460   [4]  00 00 0F 00
 (257.499065)  can0  462   [4]  00 00 0F 00
 (257.499264)  can0  464   [8]  07 68 AF 02 F1 02 75 00
 (258.440861)  can0  460   [4]  00 00 0F 00
 (258.441073)  can0  462   [4]  00 00 0F 00
 (258.441269)  can0  464   [8]  07 68 AF 02 F1 02 75 00
 (259.486326)  can0  460   [4]  00 00 0F 00
 (259.486540)  can0  462   [4]  00 00 0F 00
 (259.486730)  can0  464   [8]  07 68 AF 02 F1 02 75 00
 (260.534474)  can0  460   [4]  00 00 0F 00
 (260.534684)  can0  462   [4]  00 00 0F 00
 (260.534875)  can0  464   [8]  07 68 AF 02 F1 02 75 00
 (261.480944)  can0  460   [4]  00 00 0F 00
 (261.481162)  can0  462   [4]  00 00 0F 00
 (261.481358)  can0  464   [8]  07 68 AF 02 F1 02 75 00
 (262.527545)  can0  460   [4]  00 00 0F 00
 (262.527757)  can0  462   [4]  00 00 0F 00
 (262.527947)  can0  464   [8]  07 68 AF 02 F1 02 75 00
 (263.472233)  can0  460   [4]  00 00 0F 00
 (263.472445)  can0  462   [4]  00 00 0F 00
 (263.472644)  can0  464   [8]  07 68 AF 02 F1 02 75 00
 (264.518862)  can0  460   [4]  00 00 0F 00
 (264.519075)  can0  462   [4]  00 00 0F 00
 (264.519268)  can0  464   [8]  07 68 AF 02 F1 02 75 00
 (265.463892)  can0  460   [4]  00 00 0F 00
 (265.464117)  can0  462   [4]  00 00 0F 00
 (265.464311)  can0  464   [8]  07 68 AF 02 F1 02 75 00
 (266.510765)  can0  460   [4]  00 00 0F 00
 (266.510976)  can0  462   [4]  00 00 0F 00
 (266.511178)  can0  464   [8]  07 68 AF 02 F1 02 75 00
 (267.457181)  can0  460   [4]  00 00 0F 00
 (267.457408)  can0  462   [4]  00 00 0F 00
 (267.457606)  can0  464   [8]  07 68 AF 02 F1 02 75 00
 (268.503354)  can0  460   [4]  00 00 0F 00
 (268.503574)  can0  462   [4]  00 00 0F 00
 (268.503775)  can0  464   [8]  07 68 AF 02 F1 02 75 00
 (269.449848)  can0  460   [4]  00 00 0F 00
 (269.450088)  can0  462   [4]  00 00 0F 00
 (269.450282)  can0  464   [8]  07 68 AF 02 F1 02 75 00
 (270.497897)  can0  460   [4]  00 00 0F 00
 (270.498116)  can0  462   [4]  00 00 0F 00
 (270.498311)  can0  464   [8]  07 68 AF 02 F1 02 75 00
 (271.440805)  can0  460   [4]  00 00 0F 00
 (271.441026)  can0  462   [4]  00 00 0F 00
 (271.441219)  can0  464   [8]  07 68 AF 02 F1 02 75 00
 (272.489110)  can0  460   [4]  00 00 0F 00
 (272.489331)  can0  462   [4]  00 00 0F 00
 (272.489527)  can0  464   [8]  07 68 AF 02 F1 02 75 00
 (273.436672)  can0  460   [4]  00 00 0F 00
 (273.436893)  can0  462   [4]  00 00 0F 00
 (273.437091)  can0  464   [8]  07 68 AF 02 F1 02 75 00
 (274.491601)  can0  460   [4]  00 00 0F 00
 (274.491825)  can0  462   [4]  00 00 0F 00
 (274.492027)  can0  464   [8]  07 68 AF 02 F0 02 75 00
 (275.441190)  can0  460   [4]  00 00 0F 00
 (275.441414)  can0  462   [4]  00 00 0F 00
 (275.441613)  can0  464   [8]  07 68 AF 02 F0 02 75 00
 (276.490404)  can0  460   [4]  00 00 0F 00
 (276.490642)  can0  462   [4]  00 00 0F 00
 (276.490837)  can0  464   [8]  07 68 AF 02 F0 02 75 00
 (277.442210)  can0  460   [4]  00 00 0F 00
 (277.442445)  can0  462   [4]  00 00 0F 00
 (277.442649)  can0  464   [8]  07 68 AF 02 F0 02 75 00
 (278.494370)  can0  460   [4]  00 00 0F 00
 (278.494591)  can0  462   [4]  00 00 0F 00
 (278.494788)  can0  464   [8]  07 68 AF 02 F0 02 75 00
 (279.443165)  can0  460   [4]  00 00 0F 00
 (279.443384)  can0  462   [4]  00 00 0F 00
 (279.443583)  can0  464   [8]  07 68 AF 02 F0 02 75 00
 (280.491300)  can0  460   [4]  00 00 0F 00
 (280.491514)  can0  462   [4]  00 00 0F 00
 (280.491733)  can0  464   [8]  07 68 AF 02 F0 02 75 00
 (281.455837)  can0  460   [4]  00 00 0F 00
 (281.456050)  can0  462   [4]  00 00 0F 00
 (281.456249)  can0  464   [8]  07 68 AF 02 F0 02 75 00
 (282.507294)  can0  460   [4]  00 00 0F 00
 (282.507512)  can0  462   [4]  00 00 0F 00
 (282.507719)  can0  464   [8]  07 68 AF 02 F0 02 75 00
 (283.447996)  can0  460   [4]  00 00 0F 00
 (283.448207)  can0  462   [4]  00 00 0F 00
 (283.448403)  can0  464   [8]  07 68 AF 02 F0 02 75 00
 (284.496125)  can0  460   [4]  00 00 0F 00
 (284.496341)  can0  462   [4]  00 00 0F 00
 (284.496537)  can0  464   [8]  07 68 AF 02 F0 02 75 00
 (285.440739)  can0  460   [4]  00 00 0F 00
 (285.440952)  can0  462   [4]  00 00 0F 00
 (285.441146)  can0  464   [8]  07 68 AF 02 F0 02 75 00
 (286.486866)  can0  460   [4]  00 00 0F 00
 (286.487098)  can0  462   [4]  00 00 0F 00
 (286.487293)  can0  464   [8]  07 68 AF 02 F0 02 75 00
 (287.528920)  can0  460   [4]  00 00 0F 00
 (287.529138)  can0  462   [4]  00 00 0F 00
 (287.529340)  can0  464   [8]  07 68 AF 02 F0 02 75 00
 (288.479535)  can0  460   [4]  00 00 0F 00
 (288.479772)  can0  462   [4]  00 00 0F 00
 (288.479969)  can0  464   [8]  07 68 AF 02 F0 02 75 00
 (289.530847)  can0  460   [4]  00 00 0F 00
 (289.531064)  can0  462   [4]  00 00 0F 00
 (289.531259)  can0  464   [8]  07 68 AF 02 F0 02 75 00
 (290.477376)  can0  460   [4]  00 00 0F 00
 (290.477603)  can0  462   [4]  00 00 0F 00
 (290.477803)  can0  464   [8]  07 68 AF 02 F0 02 75 00
 (291.521575)  can0  460   [4]  00 00 0F 00
 (291.521799)  can0  462   [4]  00 00 0F 00
 (291.522003)  can0  464   [8]  07 68 AF 02 F0 02 75 00
 (292.471798)  can0  460   [4]  00 00 0F 00
 (292.472016)  can0  462   [4]  00 00 0F 00
 (292.472212)  can0  464   [8]  07 68 AF 02 F0 02 75 00
 (293.517763)  can0  460   [4]  00 00 0F 00
 (293.517983)  can0  462   [4]  00 00 0F 00
 (293.518179)  can0  464   [8]  07 68 AF 02 F0 02 75 00
 (294.464133)  can0  460   [4]  00 00 0F 00
 (294.464373)  can0  462   [4]  00 00 0F 00
 (294.464570)  can0  464   [8]  07 68 AF 02 F0 02 75 00
 (295.512216)  can0  460   [4]  00 00 0F 00
 (295.512432)  can0  462   [4]  00 00 0F 00
 (295.512629)  can0  464   [8]  07 68 AF 02 F0 02 75 00
 (296.460346)  can0  460   [4]  00 00 0F 00
 (296.460577)  can0  462   [4]  00 00 0F 00
 (296.460775)  can0  464   [8]  07 68 AF 02 F0 02 75 00
 (297.506232)  can0  460   [4]  00 00 0F 00
 (297.506453)  can0  462   [4]  00 00 0F 00
 (297.506648)  can0  464   [8]  07 68 AF 02 F0 02 75 00
 (298.456386)  can0  460   [4]  00 00 0F 00
 (298.456618)  can0  462   [4]  00 00 0F 00
 (298.456815)  can0  464   [8]  07 68 AF 02 F0 02 75 00
 (299.502345)  can0  460   [4]  00 00 0F 00
 (299.502563)  can0  462   [4]  00 00 0F 00
 (299.502762)  can0  464   [8]  07 68 AF 02 F0 02 75 00
 (300.446677)  can0  460   [4]  00 00 0F 00
 (300.446898)  can0  462   [4]  00 00 0F 00
 (300.447096)  can0  464   [8]  07 68 AF 02 F0 02 75 00
 (301.496599)  can0  460   [4]  00 00 0F 00
 (301.496816)  can0  462   [4]  00 00 0F 00
 (301.497011)  can0  464   [8]  07 68 AF 02 F0 02 75 00
 (302.442095)  can0  460   [4]  00 00 0F 00
 (302.442319)  can0  462   [4]  00 00 0F 00
 (302.442523)  can0  464   [8]  07 68 AF 02 F0 02 75 00
 (303.495338)  can0  460   [4]  00 00 0F 00
 (303.495561)  can0  462   [4]  00 00 0F 00
 (303.495759)  can0  464   [8]  07 68 AF 02 F0 02 75 00
 (304.444411)  can0  460   [4]  00 00 0F 00
 (304.444638)  can0  462   [4]  00 00 0F 00
 (304.444844)  can0  464   [8]  07 68 AF 02 F0 02 75 00
 (305.497002)  can0  460   [4]  00 00 0F 00
 (305.497223)  can0  462   [4]  00 00 0F 00
 (305.497427)  can0  464   [8]  07 68 AF 02 F0 02 75 00
 (306.443682)  can0  460   [4]  00 00 0F 00
 (306.443914)  can0  462   [4]  00 00 0F 00
 (306.444107)  can0  464   [8]  07 68 AF 02 F0 02 75 00
 (307.492128)  can0  460   [4]  00 00 0F 00
 (307.492347)  can0  462   [4]  00 00 0F 00
 (307.492543)  can0  464   [8]  07 68 AF 02 F0 02 75 00
 (308.437138)  can0  460   [4]  00 00 0F 00
 (308.437367)  can0  462   [4]  00 00 0F 00
 (308.437567)  can0  464   [8]  07 68 AF 02 F0 02 75 00
 (309.487597)  can0  460   [4]  00 00 0F 00
 (309.487816)  can0  462   [4]  00 00 0F 00
 (309.488007)  can0  464   [8]  07 68 AF 02 F0 02 75 00
 (310.435560)  can0  460   [4]  00 00 0F 00
 (310.435788)  can0  462   [4]  00 00 0F 00
 (310.435986)  can0  464   [8]  07 68 AF 02 F0 02 75 00
 (311.489565)  can0  460   [4]  00 00 0F 00
 (311.489790)  can0  462   [4]  00 00 0F 00
 (311.489989)  can0  464   [8]  07 68 AF 02 F0 02 75 00
 (312.437013)  can0  460   [4]  00 00 0F 00
 (312.437234)  can0  462   [4]  00 00 0F 00
 (312.437437)  can0  464   [8]  07 68 AF 02 F0 02 75 00
 (313.489094)  can0  460   [4]  00 00 0F 00
 (313.489324)  can0  462   [4]  00 00 0F 00
 (313.489518)  can0  464   [8]  07 68 AF 02 F0 02 75 00
 (314.534063)  can0  460   [4]  00 00 0F 00
 (314.534278)  can0  462   [4]  00 00 0F 00
 (314.534473)  can0  464   [8]  07 68 AF 02 F0 02 75 00
 (315.486381)  can0  460   [4]  00 00 0F 00
 (315.486595)  can0  462   [4]  00 00 0F 00
 (315.486786)  can0  464   [8]  07 68 AF 02 F0 02 75 00
 (316.438059)  can0  460   [4]  00 00 0F 00
 (316.438269)  can0  462   [4]  00 00 0F 00
 (316.438460)  can0  464   [8]  07 68 AF 02 F0 02 75 00
 (317.490546)  can0  460   [4]  00 00 0F 00
 (317.490755)  can0  462   [4]  00 00 0F 00
 (317.490955)  can0  464   [8]  07 68 AF 02 F0 02 75 00
 (318.439605)  can0  460   [4]  00 00 0F 00
 (318.439816)  can0  462   [4]  00 00 0F 00
 (318.440010)  can0  464   [8]  07 68 AF 02 F0 02 75 00
 (319.487898)  can0  460   [4]  00 00 0F 00
 (319.488113)  can0  462   [4]  00 00 0F 00
 (319.488311)  can0  464   [8]  07 68 AF 02 F0 02 75 00
 (320.434674)  can0  460   [4]  00 00 0F 00
 (320.434887)  can0  462   [4]  00 00 0F 00
 (320.435084)  can0  464   [8]  07 68 AF 02 F0 02 75 00
 (321.487095)  can0  460   [4]  12 00 0F 00
 (321.487310)  can0  462   [4]  12 00 0F 00
 (321.487505)  can0  464   [8]  07 68 AF 02 EF 02 75 00
 (322.435400)  can0  460   [4]  00 00 0F 00
 (322.435612)  can0  462   [4]  00 00 0F 00
 (322.435807)  can0  464   [8]  07 68 AF 02 EF 02 75 00
 (323.484187)  can0  460   [4]  00 00 0F 00
 (323.484400)  can0  462   [4]  00 00 0F 00
 (323.484595)  can0  464   [8]  07 68 AF 02 EF 02 75 00
 (324.452869)  can0  460   [4]  00 00 0F 00
 (324.453088)  can0  462   [4]  00 00 0F 00
 (324.453287)  can0  464   [8]  07 68 AF 02 EF 02 75 00
 (325.504704)  can0  460   [4]  00 00 0F 00
 (325.504918)  can0  462   [4]  00 00 0F 00
 (325.505112)  can0  464   [8]  07 68 AF 02 EF 02 75 00
 (326.452105)  can0  460   [4]  00 00 0F 00
 (326.452329)  can0  462   [4]  00 00 0F 00
 (326.452523)  can0  464   [8]  07 68 AF 02 EF 02 75 00
 (327.502261)  can0  460   [4]  00 00 0F 00
 (327.502471)  can0  462   [4]  00 00 0F 00
 (327.502662)  can0  464   [8]  07 68 AF 02 EF 02 75 00
 (328.450006)  can0  460   [4]  00 00 0F 00
 (328.450220)  can0  462   [4]  00 00 0F 00
 (328.450411)  can0  464   [8]  07 68 AF 02 EF 02 75 00
 (329.501064)  can0  460   [4]  00 00 0F 00
 (329.501278)  can0  462   [4]  00 00 0F 00
 (329.501475)  can0  464   [8]  07 68 AF 02 EF 02 75 00
 (330.445518)  can0  460   [4]  00 00 0F 00
 (330.445731)  can0  462   [4]  00 00 0F 00
 (330.445924)  can0  464   [8]  07 68 AF 02 EF 02 75 00
 (331.495132)  can0  460   [4]  00 00 0F 00
 (331.495344)  can0  462   [4]  00 00 0F 00
 (331.495541)  can0  464   [8]  07 68 AF 02 EF 02 75 00
 (332.438308)  can0  460   [4]  00 00 0F 00
 (332.438521)  can0  462   [4]  00 00 0F 00
 (332.438716)  can0  464   [8]  07 68 AF 02 EE 02 75 00
 (333.485822)  can0  460   [4]  12 00 0F 00
 (333.486034)  can0  462   [4]  12 00 0F 00
 (333.486228)  can0  464   [8]  07 68 AF 02 EE 02 75 00
 (334.535740)  can0  460   [4]  00 00 0F 00
 (334.535987)  can0  462   [4]  00 00 0F 00
 (334.536180)  can0  464   [8]  06 68 AF 02 EE 02 75 00
 (335.485619)  can0  460   [4]  00 00 0F 00
 (335.485832)  can0  462   [4]  00 00 0F 00
 (335.486023)  can0  464   [8]  06 68 AF 02 EE 02 75 00
 (336.533307)  can0  460   [4]  00 00 0F 00
 (336.533540)  can0  462   [4]  00 00 0F 00
 (336.533741)  can0  464   [8]  06 68 AF 02 EE 02 75 00
 (337.483414)  can0  460   [4]  00 00 0F 00
 (337.483623)  can0  462   [4]  00 00 0F 00
 (337.483816)  can0  464   [8]  06 68 AF 02 EE 02 75 00
 (338.452646)  can0  460   [4]  00 00 0F 00
 (338.452866)  can0  462   [4]  00 00 0F 00
 (338.453059)  can0  464   [8]  06 68 AF 02 EE 02 75 00
 (339.502485)  can0  460   [4]  00 00 0F 00
 (339.502696)  can0  462   [4]  00 00 0F 00
 (339.502888)  can0  464   [8]  06 68 AF 02 EE 02 75 00
 (340.449044)  can0  460   [4]  00 00 0F 00
 (340.449269)  can0  462   [4]  00 00 0F 00
 (340.449469)  can0  464   [8]  06 68 AF 02 EE 02 75 00
 (341.496862)  can0  460   [4]  00 00 0F 00
 (341.497077)  can0  462   [4]  00 00 0F 00
 (341.497273)  can0  464   [8]  06 68 AF 02 EE 02 75 00
