 (000.000000)  can0  460   [4]  00 00 30 00
 (000.000209)  can0  462   [4]  00 00 30 00
 (000.000401)  can0  464   [8]  60 69 AF 02 B7 02 75 00
 (001.004029)  can0  460   [4]  00 00 30 00
 (001.004251)  can0  462   [4]  00 00 30 00
 (001.004456)  can0  464   [8]  60 69 AF 02 B8 02 75 00
 (002.006032)  can0  460   [4]  00 00 30 00
 (002.006245)  can0  462   [4]  00 00 30 00
 (002.006437)  can0  464   [8]  60 69 AF 02 B9 02 75 00
 (003.006040)  can0  460   [4]  00 00 30 00
 (003.006256)  can0  462   [4]  00 00 30 00
 (003.006448)  can0  464   [8]  60 69 AF 02 BA 02 75 00
 (004.006266)  can0  460   [4]  12 00 30 00
 (004.006494)  can0  462   [4]  12 00 30 00
 (004.006712)  can0  464   [8]  5F 69 AF 02 BC 02 75 00
 (005.009919)  can0  460   [4]  00 00 30 00
 (005.010144)  can0  462   [4]  00 00 30 00
 (005.010352)  can0  464   [8]  5E 69 AF 02 BD 02 75 00
 (006.010092)  can0  460   [4]  00 00 30 00
 (006.010302)  can0  462   [4]  00 00 30 00
 (006.010490)  can0  464   [8]  5D 69 AF 02 BF 02 75 00
 (007.009933)  can0  460   [4]  00 00 30 00
 (007.010143)  can0  462   [4]  00 00 30 00
 (007.010339)  can0  464   [8]  5C 69 AF 02 C1 02 75 00
 (008.010121)  can0  460   [4]  00 00 2F 00
 (008.010334)  can0  462   [4]  00 00 2F 00
 (008.010524)  can0  464   [8]  5B 69 AF 02 C3 02 75 00
 (009.009965)  can0  460   [4]  00 00 2F 00
 (009.010174)  can0  462   [4]  00 00 2F 00
 (009.010368)  can0  464   [8]  5A 69 AF 02 C6 02 75 00
 (010.016166)  can0  460   [4]  12 00 2F 00
 (010.016385)  can0  462   [4]  12 00 2F 00
 (010.016582)  can0  464   [8]  59 69 AF 02 C8 02 75 00
 (011.020188)  can0  460   [4]  12 00 2F 00
 (011.020398)  can0  462   [4]  12 00 2F 00
 (011.020595)  can0  464   [8]  59 69 AF 02 C9 02 75 00
 (012.026008)  can0  460   [4]  12 00 2F 00
 (012.026218)  can0  462   [4]  12 00 2F 00
 (012.026409)  can0  464   [8]  59 69 AF 02 CA 02 75 00
 (013.030248)  can0  460   [4]  12 00 2F 00
 (013.030462)  can0  462   [4]  12 00 2F 00
 (013.030653)  can0  464   [8]  5A 69 AF 02 C9 02 75 00
 (014.034045)  can0  460   [4]  00 00 2F 00
 (014.034250)  can0  462   [4]  00 00 2F 00
 (014.034439)  can0  464   [8]  5A 69 AF 02 C8 02 75 00
 (015.043969)  can0  460   [4]  00 00 2F 00
 (015.044182)  can0  462   [4]  00 00 2F 00
 (015.044374)  can0  464   [8]  5A 69 AF 02 C8 02 75 00
 (016.047984)  can0  460   [4]  00 00 2F 00
 (016.048213)  can0  462   [4]  00 00 2F 00
 (016.048417)  can0  464   [8]  59 69 AF 02 C7 02 75 00
 (017.051996)  can0  460   [4]  00 00 2F 00
 (017.052213)  can0  462   [4]  00 00 2F 00
 (017.052412)  can0  464   [8]  57 69 AF 02 C5 02 75 00
 (018.056102)  can0  460   [4]  00 00 30 00
 (018.056315)  can0  462   [4]  00 00 30 00
 (018.056511)  can0  464   [8]  54 69 AF 02 C3 02 75 00
 (019.068301)  can0  460   [4]  00 00 30 00
 (019.068522)  can0  462   [4]  00 00 30 00
 (019.068723)  can0  464   [8]  52 69 AF 02 C1 02 75 00
 (020.078306)  can0  460   [4]  12 00 30 00
 (020.078520)  can0  462   [4]  12 00 30 00
 (020.078715)  can0  464   [8]  51 69 AF 02 C0 02 75 00
 (021.090143)  can0  460   [4]  00 00 30 00
 (021.090356)  can0  462   [4]  00 00 30 00
 (021.090551)  can0  464   [8]  51 69 AF 02 C0 02 75 00
 (022.096600)  can0  460   [4]  12 00 30 00
 (022.096818)  can0  462   [4]  12 00 30 00
 (022.097013)  can0  464   [8]  51 69 AF 02 C1 02 75 00
 (023.004335)  can0  460   [4]  00 00 30 00
 (023.004547)  can0  462   [4]  00 00 30 00
 (023.004742)  can0  464   [8]  52 69 AF 02 C0 02 75 00
 (024.018354)  can0  460   [4]  00 00 30 00
 (024.018578)  can0  462   [4]  00 00 30 00
 (024.018776)  can0  464   [8]  55 69 AF 02 C1 02 75 00
 (025.030207)  can0  460   [4]  00 00 30 00
 (025.030437)  can0  462   [4]  00 00 30 00
 (025.030631)  can0  464   [8]  59 69 AF 02 C1 02 75 00
 (026.042390)  can0  460   [4]  12 00 30 00
 (026.042603)  can0  462   [4]  12 00 30 00
 (026.042808)  can0  464   [8]  5C 69 AF 02 C0 02 75 00
 (027.050234)  can0  460   [4]  24 00 2F 00
 (027.050453)  can0  462   [4]  25 00 2F 00
 (027.050653)  can0  464   [8]  5E 69 AF 02 C0 02 75 00
 (028.056423)  can0  460   [4]  24 00 2F 00
 (028.056637)  can0  462   [4]  25 00 2F 00
 (028.056831)  can0  464   [8]  5F 69 AF 02 C0 02 75 00
 (029.064620)  can0  460   [4]  24 00 2F 00
 (029.064842)  can0  462   [4]  25 00 2F 00
 (029.065033)  can0  464   [8]  60 69 AF 02 C1 02 75 00
 (030.072442)  can0  460   [4]  00 00 2F 00
 (030.072649)  can0  462   [4]  00 00 2F 00
 (030.072840)  can0  464   [8]  5F 69 AF 02 C0 02 75 00
 (031.080522)  can0  460   [4]  24 00 2F 00
 (031.080790)  can0  462   [4]  25 00 2F 00
 (031.080993)  can0  464   [8]  60 69 AF 02 C1 02 75 00
 (032.090483)  can0  460   [4]  12 00 2F 00
 (032.090705)  can0  462   [4]  12 00 2F 00
 (032.090899)  can0  464   [8]  62 69 AF 02 C2 02 75 00
 (033.098761)  can0  460   [4]  6D 00 2E 00
 (033.098982)  can0  462   [4]  6F 00 2E 00
 (033.099175)  can0  464   [8]  65 69 AF 02 C9 02 75 00
 (034.006504)  can0  460   [4]  6D 00 2E 00
 (034.006717)  can0  462   [4]  6F 00 2E 00
 (034.006907)  can0  464   [8]  69 69 AF 02 D0 02 75 00
 (035.024697)  can0  460   [4]  7F 00 2E 00
 (035.024917)  can0  462   [4]  81 00 2E 00
 (035.025111)  can0  464   [8]  69 69 AF 02 D4 02 75 00
 (036.030554)  can0  460   [4]  24 00 2E 00
 (036.030771)  can0  462   [4]  25 00 2E 00
 (036.030962)  can0  464   [8]  66 69 AF 02 D4 02 75 00
 (037.038554)  can0  460   [4]  36 00 2E 00
 (037.038763)  can0  462   [4]  37 00 2E 00
 (037.038952)  can0  464   [8]  65 69 AF 02 D5 02 75 00
 (038.044396)  can0  460   [4]  36 00 2E 00
 (038.044615)  can0  462   [4]  37 00 2E 00
 (038.044814)  can0  464   [8]  64 69 AF 02 D5 02 75 00
 (039.050580)  can0  460   [4]  49 00 2E 00
 (039.050787)  can0  462   [4]  4A 00 2E 00
 (039.050980)  can0  464   [8]  65 69 AF 02 D5 02 75 00
 (040.060583)  can0  460   [4]  49 00 2E 00
 (040.060786)  can0  462   [4]  4A 00 2E 00
 (040.060975)  can0  464   [8]  68 69 AF 02 D4 02 75 00
 (041.068798)  can0  460   [4]  49 00 2E 00
 (041.069009)  can0  462   [4]  4A 00 2E 00
 (041.069205)  can0  464   [8]  6B 69 AF 02 D2 02 75 00
 (042.074807)  can0  460   [4]  12 00 2E 00
 (042.075031)  can0  462   [4]  12 00 2E 00
 (042.075223)  can0  464   [8]  6F 69 AF 02 D1 02 75 00
 (043.080383)  can0  460   [4]  24 00 2D 00
 (043.080603)  can0  462   [4]  25 00 2D 00
 (043.080800)  can0  464   [8]  6F 69 AF 02 D2 02 75 00
 (044.086673)  can0  460   [4]  37 00 2D 00
 (044.086907)  can0  462   [4]  37 00 2D 00
 (044.087101)  can0  464   [8]  70 69 AF 02 D3 02 75 00
 (045.092680)  can0  460   [4]  24 00 2D 00
 (045.092896)  can0  462   [4]  25 00 2D 00
 (045.093093)  can0  464   [8]  70 69 AF 02 D4 02 75 00
 (046.096770)  can0  460   [4]  24 00 2D 00
 (046.096982)  can0  462   [4]  25 00 2D 00
 (046.097181)  can0  464   [8]  71 69 AF 02 D6 02 75 00
 (047.000880)  can0  460   [4]  25 00 2D 00
 (047.001105)  can0  462   [4]  25 00 2D 00
 (047.001298)  can0  464   [8]  71 69 AF 02 D7 02 75 00
 (048.008725)  can0  460   [4]  6E 00 2E 00
 (048.008938)  can0  462   [4]  6F 00 2E 00
 (048.009138)  can0  464   [8]  A5 69 AF 02 AF 02 75 00
 (049.012724)  can0  460   [4]  37 00 2E 00
 (049.012935)  can0  462   [4]  37 00 2E 00
 (049.013135)  can0  464   [8]  AD 69 AF 02 A7 02 75 00
 (050.018768)  can0  460   [4]  25 00 2F 00
 (050.018992)  can0  462   [4]  25 00 2F 00
 (050.019189)  can0  464   [8]  AF 69 AF 02 A4 02 75 00
 (051.024770)  can0  460   [4]  4A 00 2F 00
 (051.024988)  can0  462   [4]  4A 00 2F 00
 (051.025188)  can0  464   [8]  AD 69 AF 02 A5 02 75 00
 (052.036961)  can0  460   [4]  37 00 2E 00
 (052.037187)  can0  462   [4]  37 00 2E 00
 (052.037384)  can0  464   [8]  AA 69 AF 02 A8 02 75 00
 (053.040796)  can0  460   [4]  37 00 2E 00
 (053.041010)  can0  462   [4]  37 00 2E 00
 (053.041206)  can0  464   [8]  A5 69 AF 02 AD 02 75 00
 (054.046814)  can0  460   [4]  25 00 2E 00
 (054.047027)  can0  462   [4]  25 00 2E 00
 (054.047218)  can0  464   [8]  9F 69 AF 02 B1 02 75 00
 (055.050814)  can0  460   [4]  49 00 2E 00
 (055.051030)  can0  462   [4]  4A 00 2E 00
 (055.051222)  can0  464   [8]  9B 69 AF 02 B8 02 75 00
 (056.056846)  can0  460   [4]  24 00 2E 00
 (056.057072)  can0  462   [4]  25 00 2E 00
 (056.057263)  can0  464   [8]  96 69 AF 02 BB 02 75 00
 (057.066856)  can0  460   [4]  12 00 2E 00
 (057.067068)  can0  462   [4]  12 00 2E 00
 (057.067260)  can0  464   [8]  93 69 AF 02 BD 02 75 00
 (058.072865)  can0  460   [4]  12 00 2E 00
 (058.073076)  can0  462   [4]  12 00 2E 00
 (058.073267)  can0  464   [8]  90 69 AF 02 BC 02 75 00
 (059.086967)  can0  460   [4]  11 00 2E 00
 (059.087176)  can0  462   [4]  12 00 2E 00
 (059.087365)  can0  464   [8]  8D 69 AF 02 BC 02 75 00
 (060.090899)  can0  460   [4]  00 00 2E 00
 (060.091125)  can0  462   [4]  00 00 2E 00
 (060.091317)  can0  464   [8]  8B 69 AF 02 BC 02 75 00
 (061.100909)  can0  460   [4]  10 00 2E 00
 (061.101117)  can0  462   [4]  12 00 2E 00
 (061.101307)  can0  464   [8]  89 69 AF 02 BC 02 75 00
 (062.004911)  can0  460   [4]  5F 00 2E 00
 (062.005130)  can0  462   [4]  6F 00 2E 00
 (062.005324)  can0  464   [8]  89 69 AF 02 C0 02 75 00
 (063.011106)  can0  460   [4]  3B 00 2E 00
 (063.011315)  can0  462   [4]  4A 00 2E 00
 (063.011505)  can0  464   [8]  88 69 AF 02 C1 02 75 00
 (064.018955)  can0  460   [4]  29 00 2E 00
 (064.019171)  can0  462   [4]  37 00 2E 00
 (064.019363)  can0  464   [8]  85 69 AF 02 C1 02 75 00
 (065.032828)  can0  460   [4]  15 00 2E 00
 (065.033044)  can0  462   [4]  25 00 2E 00
 (065.033237)  can0  464   [8]  83 69 AF 02 C1 02 75 00
 (066.035144)  can0  460   [4]  17 00 2E 00
 (066.035356)  can0  462   [4]  37 00 2E 00
 (066.035550)  can0  464   [8]  82 69 AF 02 C1 02 75 00
 (067.042815)  can0  460   [4]  0C 00 2E 00
 (067.043031)  can0  462   [4]  5C 00 2E 00
 (067.043230)  can0  464   [8]  82 69 AF 02 C2 02 75 00
 (068.051005)  can0  460   [4]  00 00 2D 00
 (068.051214)  can0  462   [4]  A6 00 2D 00
 (068.051401)  can0  464   [8]  82 69 AF 02 CA 02 75 00
 (069.057031)  can0  460   [4]  00 00 2D 00
 (069.057252)  can0  462   [4]  CB 00 2D 00
 (069.057442)  can0  464   [8]  81 69 AF 02 D2 02 75 00
 (070.067301)  can0  460   [4]  00 00 2C 00
 (070.067517)  can0  462   [4]  F0 00 2C 00
 (070.067706)  can0  464   [8]  81 69 AF 02 DD 02 75 00
 (071.077062)  can0  460   [4]  00 00 2B 00
 (071.077272)  can0  462   [4]  F0 00 2B 00
 (071.077464)  can0  464   [8]  83 69 AF 02 E7 02 75 00
 (072.087245)  can0  460   [4]  00 00 2A 00
 (072.087458)  can0  462   [4]  F0 00 2A 00
 (072.087657)  can0  464   [8]  86 69 AF 02 F0 02 75 00
 (073.095256)  can0  460   [4]  00 00 29 00
 (073.095464)  can0  462   [4]  15 01 29 00
 (073.095652)  can0  464   [8]  8A 69 AF 02 F9 02 75 00
 (074.005266)  can0  460   [4]  00 00 29 00
 (074.005475)  can0  462   [4]  15 01 29 00
 (074.005664)  can0  464   [8]  8D 69 AF 02 03 03 75 00
 (075.013298)  can0  460   [4]  00 00 28 00
 (075.013524)  can0  462   [4]  28 01 28 00
 (075.013723)  can0  464   [8]  8F 69 AF 02 0E 03 75 00
 (076.023382)  can0  460   [4]  00 00 27 00
 (076.023593)  can0  462   [4]  03 01 27 00
 (076.023785)  can0  464   [8]  93 69 AF 02 17 03 75 00
 (077.031328)  can0  460   [4]  00 00 26 00
 (077.031542)  can0  462   [4]  DE 00 26 00
 (077.031733)  can0  464   [8]  96 69 AF 02 1F 03 75 00
 (078.037161)  can0  460   [4]  00 00 25 00
 (078.037383)  can0  462   [4]  CB 00 25 00
 (078.037577)  can0  464   [8]  9B 69 AF 02 27 03 75 00
 (079.051355)  can0  460   [4]  1C 00 25 00
 (079.051576)  can0  462   [4]  DE 00 25 00
 (079.051778)  can0  464   [8]  9F 69 AF 02 2E 03 75 00
 (080.057350)  can0  460   [4]  63 00 24 00
 (080.057563)  can0  462   [4]  F0 00 24 00
 (080.057757)  can0  464   [8]  A4 69 AF 02 36 03 75 00
 (081.067193)  can0  460   [4]  98 00 23 00
 (081.067403)  can0  462   [4]  03 01 23 00
 (081.067602)  can0  464   [8]  A8 69 AF 02 3C 03 75 00
 (082.077377)  can0  460   [4]  6E 00 23 00
 (082.077588)  can0  462   [4]  A6 00 23 00
 (082.077788)  can0  464   [8]  AB 69 AF 02 41 03 75 00
 (083.087228)  can0  460   [4]  2F 00 23 00
 (083.087437)  can0  462   [4]  37 00 23 00
 (083.087633)  can0  464   [8]  AC 69 AF 02 43 03 75 00
 (084.097420)  can0  460   [4]  8F 00 22 00
 (084.097636)  can0  462   [4]  94 00 22 00
 (084.097840)  can0  464   [8]  AF 69 AF 02 49 03 75 00
 (085.003432)  can0  460   [4]  38 01 21 00
 (085.003647)  can0  462   [4]  4D 01 21 00
 (085.003842)  can0  464   [8]  B5 69 AF 02 54 03 75 00
 (086.011450)  can0  460   [4]  25 01 20 00
 (086.011661)  can0  462   [4]  72 01 20 00
 (086.011854)  can0  464   [8]  BC 69 AF 02 60 03 75 00
 (087.023473)  can0  460   [4]  9B 00 1F 00
 (087.023684)  can0  462   [4]  3A 01 1F 00
 (087.023872)  can0  464   [8]  C1 69 AF 02 6A 03 75 00
 (088.031488)  can0  460   [4]  22 00 1E 00
 (088.031702)  can0  462   [4]  28 01 1E 00
 (088.031894)  can0  464   [8]  C4 69 AF 02 73 03 75 00
 (089.047498)  can0  460   [4]  00 00 1E 00
 (089.047720)  can0  462   [4]  DE 00 1E 00
 (089.047913)  can0  464   [8]  C6 69 AF 02 7A 03 75 00
 (090.059345)  can0  460   [4]  00 00 1D 00
 (090.059569)  can0  462   [4]  28 01 1D 00
 (090.059758)  can0  464   [8]  CA 69 AF 02 83 03 75 00
 (091.069609)  can0  460   [4]  00 00 1C 00
 (091.069820)  can0  462   [4]  5F 01 1C 00
 (091.070013)  can0  464   [8]  CF 69 AF 02 8D 03 75 00
 (092.079382)  can0  460   [4]  00 00 1B 00
 (092.079598)  can0  462   [4]  3A 01 1B 00
 (092.079791)  can0  464   [8]  D3 69 AF 02 96 03 75 00
 (093.089559)  can0  460   [4]  00 00 1B 00
 (093.089769)  can0  462   [4]  28 01 1B 00
 (093.089960)  can0  464   [8]  D7 69 AF 02 9C 03 75 00
 (094.097755)  can0  460   [4]  00 00 1A 00
 (094.097970)  can0  462   [4]  28 01 1A 00
 (094.098166)  can0  464   [8]  DA 69 AF 02 A2 03 75 00
 (095.003594)  can0  460   [4]  00 00 1A 00
 (095.003811)  can0  462   [4]  3A 01 1A 00
 (095.004002)  can0  464   [8]  DE 69 AF 02 A7 03 75 00
 (096.011592)  can0  460   [4]  00 00 1A 00
 (096.011798)  can0  462   [4]  6F 00 1A 00
 (096.011986)  can0  464   [8]  DD 69 AF 02 A7 03 75 00
 (097.019647)  can0  460   [4]  00 00 1A 00
 (097.019870)  can0  462   [4]  25 00 1A 00
 (097.020067)  can0  464   [8]  DB 69 AF 02 A4 03 75 00
 (098.027644)  can0  460   [4]  00 00 1A 00
 (098.027858)  can0  462   [4]  37 00 1A 00
 (098.028048)  can0  464   [8]  DA 69 AF 02 A2 03 75 00
 (099.035469)  can0  460   [4]  00 00 1A 00
 (099.035678)  can0  462   [4]  00 00 1A 00
 (099.035867)  can0  464   [8]  D9 69 AF 02 A1 03 75 00
 (100.049668)  can0  460   [4]  00 00 1A 00
 (100.049881)  can0  462   [4]  12 00 1A 00
 (100.050073)  can0  464   [8]  D8 69 AF 02 A0 03 75 00
 (101.059503)  can0  460   [4]  00 00 1A 00
 (101.059728)  can0  462   [4]  12 00 1A 00
 (101.059917)  can0  464   [8]  D8 69 AF 02 A0 03 75 00
 (102.067525)  can0  460   [4]  00 00 1A 00
 (102.067736)  can0  462   [4]  25 00 1A 00
 (102.067925)  can0  464   [8]  D9 69 AF 02 A0 03 75 00
 (103.079697)  can0  460   [4]  12 00 1A 00
 (103.079907)  can0  462   [4]  25 00 1A 00
 (103.080097)  can0  464   [8]  D8 69 AF 02 A0 03 75 00
 (104.087540)  can0  460   [4]  24 00 1A 00
 (104.087748)  can0  462   [4]  37 00 1A 00
 (104.087935)  can0  464   [8]  D8 69 AF 02 A1 03 75 00
 (105.097557)  can0  460   [4]  0C 00 1A 00
 (105.097765)  can0  462   [4]  12 00 1A 00
 (105.097955)  can0  464   [8]  D8 69 AF 02 A1 03 75 00
 (106.001763)  can0  460   [4]  12 00 1A 00
 (106.001984)  can0  462   [4]  25 00 1A 00
 (106.002175)  can0  464   [8]  D8 69 AF 02 A1 03 75 00
 (107.013760)  can0  460   [4]  1B 00 1A 00
 (107.013978)  can0  462   [4]  37 00 1A 00
 (107.014170)  can0  464   [8]  D9 69 AF 02 A1 03 75 00
 (108.025782)  can0  460   [4]  0E 00 1A 00
 (108.025991)  can0  462   [4]  25 00 1A 00
 (108.026189)  can0  464   [8]  D9 69 AF 02 A1 03 75 00
 (109.031802)  can0  460   [4]  12 00 1A 00
 (109.032027)  can0  462   [4]  25 00 1A 00
 (109.032216)  can0  464   [8]  D8 69 AF 02 A1 03 75 00
 (110.041447)  can0  460   [4]  09 00 1A 00
 (110.041655)  can0  462   [4]  12 00 1A 00
 (110.041844)  can0  464   [8]  D9 69 AF 02 A2 03 75 00
 (111.047652)  can0  460   [4]  12 00 1A 00
 (111.047867)  can0  462   [4]  25 00 1A 00
 (111.048062)  can0  464   [8]  D9 69 AF 02 A1 03 75 00
 (112.055679)  can0  460   [4]  1B 00 1A 00
 (112.055898)  can0  462   [4]  37 00 1A 00
 (112.056089)  can0  464   [8]  DB 69 AF 02 A5 03 75 00
 (113.063853)  can0  460   [4]  78 00 19 00
 (113.064060)  can0  462   [4]  B9 00 19 00
 (113.064249)  can0  464   [8]  DF 69 AF 02 AF 03 75 00
 (114.071698)  can0  460   [4]  CD 00 18 00
 (114.071922)  can0  462   [4]  3A 01 18 00
 (114.072110)  can0  464   [8]  E4 69 AF 02 BC 03 75 00
 (115.083710)  can0  460   [4]  5E 01 17 00
 (115.084019)  can0  462   [4]  BC 01 17 00
 (115.084214)  can0  464   [8]  EB 69 AF 02 CC 03 75 00
 (116.095715)  can0  460   [4]  B7 01 15 00
 (116.095927)  can0  462   [4]  06 02 15 00
 (116.096127)  can0  464   [8]  F2 69 AF 02 DF 03 75 00
 (117.001896)  can0  460   [4]  C6 01 13 00
 (117.002116)  can0  462   [4]  19 02 13 00
 (117.002320)  can0  464   [8]  F8 69 AF 02 F1 03 75 00
 (118.011942)  can0  460   [4]  02 02 12 00
 (118.012173)  can0  462   [4]  3E 02 12 00
 (118.012375)  can0  464   [8]  FD 69 AF 02 05 04 75 00
 (119.025765)  can0  460   [4]  12 02 10 00
 (119.025979)  can0  462   [4]  50 02 10 00
 (119.026179)  can0  464   [8]  02 6A AF 02 1C 04 75 00
 (120.031958)  can0  460   [4]  F1 01 0E 00
 (120.032169)  can0  462   [4]  2B 02 0E 00
 (120.032359)  can0  464   [8]  06 6A AF 02 32 04 75 00
 (121.039627)  can0  460   [4]  F5 01 0C 00
 (121.039848)  can0  462   [4]  50 02 0C 00
 (121.040043)  can0  464   [8]  0A 6A AF 02 4A 04 75 00
 (122.049804)  can0  460   [4]  05 02 0B 00
 (122.050021)  can0  462   [4]  63 02 0B 00
 (122.050226)  can0  464   [8]  0E 6A AF 02 61 04 75 00
 (123.057661)  can0  460   [4]  34 02 09 00
 (123.057882)  can0  462   [4]  9A 02 09 00
 (123.058087)  can0  464   [8]  14 6A AF 02 79 04 75 00
 (124.067861)  can0  460   [4]  DC 00 07 00
 (124.068086)  can0  462   [4]  D2 02 07 00
 (124.068277)  can0  464   [8]  1A 6A AF 02 92 04 75 00
 (125.076029)  can0  460   [4]  00 00 05 00
 (125.076245)  can0  462   [4]  D2 02 05 00
 (125.076440)  can0  464   [8]  20 6A AF 02 AA 04 75 00
 (126.088054)  can0  460   [4]  00 00 04 00
 (126.088271)  can0  462   [4]  F7 02 04 00
 (126.088470)  can0  464   [8]  28 6A AF 02 C0 04 75 00
 (127.096069)  can0  460   [4]  00 00 04 00
 (127.096291)  can0  462   [4]  09 03 04 00
 (127.096497)  can0  464   [8]  2F 6A AF 02 D5 04 75 00
 (128.102088)  can0  460   [4]  00 00 04 00
 (128.102298)  can0  462   [4]  BF 02 04 00
 (128.102498)  can0  464   [8]  35 6A AF 02 E6 04 75 00
 (129.008102)  can0  460   [4]  00 00 04 00
 (129.008325)  can0  462   [4]  3E 02 04 00
 (129.008617)  can0  464   [8]  38 6A AF 02 F2 04 75 00
 (130.016114)  can0  460   [4]  00 00 04 00
 (130.016332)  can0  462   [4]  28 01 04 00
 (130.016525)  can0  464   [8]  3A 6A AF 02 F4 04 75 00
 (131.025969)  can0  460   [4]  00 00 04 00
 (131.026196)  can0  462   [4]  6F 00 04 00
 (131.026407)  can0  464   [8]  38 6A AF 02 EF 04 75 00
 (132.034135)  can0  460   [4]  00 00 04 00
 (132.034357)  can0  462   [4]  37 00 04 00
 (132.034545)  can0  464   [8]  37 6A AF 02 EA 04 75 00
 (133.039810)  can0  460   [4]  00 00 04 00
 (133.040027)  can0  462   [4]  12 00 04 00
 (133.040219)  can0  464   [8]  36 6A AF 02 E7 04 75 00
 (134.045836)  can0  460   [4]  00 00 04 00
 (134.046080)  can0  462   [4]  12 00 04 00
 (134.046284)  can0  464   [8]  35 6A AF 02 E4 04 75 00
 (135.056015)  can0  460   [4]  00 00 04 00
 (135.056241)  can0  462   [4]  12 00 04 00
 (135.056445)  can0  464   [8]  35 6A AF 02 E4 04 75 00
 (136.063756)  can0  460   [4]  00 00 04 00
 (136.063993)  can0  462   [4]  00 00 04 00
 (136.064197)  can0  464   [8]  35 6A AF 02 E3 04 75 00
 (137.070046)  can0  460   [4]  00 00 04 00
 (137.070262)  can0  462   [4]  25 00 04 00
 (137.070465)  can0  464   [8]  35 6A AF 02 E4 04 75 00
 (138.076069)  can0  460   [4]  00 00 04 00
 (138.076288)  can0  462   [4]  37 00 04 00
 (138.076481)  can0  464   [8]  35 6A AF 02 E4 04 75 00
 (139.084076)  can0  460   [4]  00 00 04 00
 (139.084301)  can0  462   [4]  37 00 04 00
 (139.084498)  can0  464   [8]  35 6A AF 02 E4 04 75 00
 (140.098214)  can0  460   [4]  00 00 04 00
 (140.098446)  can0  462   [4]  25 00 04 00
 (140.098648)  can0  464   [8]  35 6A AF 02 E4 04 75 00
 (141.007931)  can0  460   [4]  00 00 04 00
 (141.008149)  can0  462   [4]  00 00 04 00
 (141.008351)  can0  464   [8]  35 6A AF 02 E3 04 75 00
 (142.016113)  can0  460   [4]  00 00 04 00
 (142.016336)  can0  462   [4]  12 00 04 00
 (142.016531)  can0  464   [8]  35 6A AF 02 E3 04 75 00
 (143.032300)  can0  460   [4]  00 00 04 00
 (143.032515)  can0  462   [4]  12 00 04 00
 (143.032714)  can0  464   [8]  35 6A AF 02 E2 04 75 00
 (144.039982)  can0  460   [4]  00 00 04 00
 (144.040203)  can0  462   [4]  25 00 04 00
 (144.040397)  can0  464   [8]  35 6A AF 02 E2 04 75 00
 (145.052167)  can0  460   [4]  00 00 04 00
 (145.052388)  can0  462   [4]  12 00 04 00
 (145.052588)  can0  464   [8]  35 6A AF 02 E2 04 75 00
 (146.059917)  can0  460   [4]  00 00 04 00
 (146.060141)  can0  462   [4]  00 00 04 00
 (146.060336)  can0  464   [8]  35 6A AF 02 E2 04 75 00
 (147.070381)  can0  460   [4]  00 00 04 00
 (147.070609)  can0  462   [4]  12 00 04 00
 (147.070799)  can0  464   [8]  35 6A AF 02 E2 04 75 00
 (148.076040)  can0  460   [4]  00 00 04 00
 (148.076272)  can0  462   [4]  00 00 04 00
 (148.076462)  can0  464   [8]  35 6A AF 02 E2 04 75 00
 (149.084217)  can0  460   [4]  00 00 04 00
 (149.084433)  can0  462   [4]  12 00 04 00
 (149.084635)  can0  464   [8]  35 6A AF 02 E2 04 75 00
 (150.092251)  can0  460   [4]  00 00 04 00
 (150.092468)  can0  462   [4]  12 00 04 00
 (150.092667)  can0  464   [8]  35 6A AF 02 E2 04 75 00
 (151.098512)  can0  460   [4]  00 00 04 00
 (151.098727)  can0  462   [4]  12 00 04 00
 (151.098919)  can0  464   [8]  35 6A AF 02 E2 04 75 00
 (152.005994)  can0  460   [4]  00 00 04 00
 (152.006220)  can0  462   [4]  00 00 04 00
 (152.006424)  can0  464   [8]  34 6A AF 02 E1 04 75 00
 (153.012009)  can0  460   [4]  00 00 04 00
 (153.012223)  can0  462   [4]  00 00 04 00
 (153.012415)  can0  464   [8]  34 6A AF 02 E1 04 75 00
 (154.024124)  can0  460   [4]  00 00 04 00
 (154.024347)  can0  462   [4]  00 00 04 00
 (154.024544)  can0  464   [8]  34 6A AF 02 E1 04 75 00
 (155.034146)  can0  460   [4]  00 00 04 00
 (155.034375)  can0  462   [4]  00 00 04 00
 (155.034571)  can0  464   [8]  35 6A AF 02 E2 04 75 00
 (156.044329)  can0  460   [4]  00 00 04 00
 (156.044553)  can0  462   [4]  25 00 04 00
 (156.044767)  can0  464   [8]  35 6A AF 02 E2 04 75 00
 (157.056071)  can0  460   [4]  00 00 04 00
 (157.056280)  can0  462   [4]  00 00 04 00
 (157.056483)  can0  464   [8]  35 6A AF 02 E2 04 75 00
 (158.066361)  can0  460   [4]  00 00 04 00
 (158.066583)  can0  462   [4]  12 00 04 00
 (158.066779)  can0  464   [8]  35 6A AF 02 E2 04 75 00
 (159.078104)  can0  460   [4]  00 00 04 00
 (159.078317)  can0  462   [4]  00 00 04 00
 (159.078508)  can0  464   [8]  35 6A AF 02 E2 04 75 00
 (160.086398)  can0  460   [4]  00 00 04 00
 (160.086631)  can0  462   [4]  12 00 04 00
 (160.086834)  can0  464   [8]  35 6A AF 02 E2 04 75 00
 (161.094226)  can0  460   [4]  00 00 04 00
 (161.094442)  can0  462   [4]  00 00 04 00
 (161.094642)  can0  464   [8]  35 6A AF 02 E2 04 75 00
 (162.102424)  can0  460   [4]  00 00 04 00
 (162.102647)  can0  462   [4]  12 00 04 00
 (162.102840)  can0  464   [8]  35 6A AF 02 E2 04 75 00
 (163.008435)  can0  460   [4]  00 00 04 00
 (163.008654)  can0  462   [4]  12 00 04 00
 (163.008856)  can0  464   [8]  35 6A AF 02 E2 04 75 00
 (164.016192)  can0  460   [4]  00 00 04 00
 (164.016415)  can0  462   [4]  00 00 04 00
 (164.016615)  can0  464   [8]  34 6A AF 02 E2 04 75 00
 (165.028654)  can0  460   [4]  00 00 04 00
 (165.028884)  can0  462   [4]  12 00 04 00
 (165.029078)  can0  464   [8]  34 6A AF 02 E2 04 75 00
 (166.040216)  can0  460   [4]  00 00 04 00
 (166.040435)  can0  462   [4]  00 00 04 00
 (166.040634)  can0  464   [8]  34 6A AF 02 E1 04 75 00
 (167.052240)  can0  460   [4]  00 00 04 00
 (167.052459)  can0  462   [4]  00 00 04 00
 (167.052660)  can0  464   [8]  34 6A AF 02 E1 04 75 00
 (168.062336)  can0  460   [4]  00 00 04 00
 (168.062554)  can0  462   [4]  00 00 04 00
 (168.062751)  can0  464   [8]  34 6A AF 02 E1 04 75 00
 (169.074268)  can0  460   [4]  00 00 04 00
 (169.074493)  can0  462   [4]  00 00 04 00
 (169.074693)  can0  464   [8]  34 6A AF 02 E1 04 75 00
 (170.088279)  can0  460   [4]  00 00 04 00
 (170.088500)  can0  462   [4]  00 00 04 00
 (170.088708)  can0  464   [8]  35 6A AF 02 E2 04 75 00
 (171.094377)  can0  460   [4]  00 00 04 00
 (171.094592)  can0  462   [4]  00 00 04 00
 (171.094788)  can0  464   [8]  36 6A AF 02 E3 04 75 00
 (172.102578)  can0  460   [4]  15 00 04 00
 (172.102792)  can0  462   [4]  25 00 04 00
 (172.102990)  can0  464   [8]  37 6A AF 02 E3 04 75 00
 (173.008325)  can0  460   [4]  00 00 04 00
 (173.008555)  can0  462   [4]  00 00 04 00
 (173.008775)  can0  464   [8]  37 6A AF 02 E3 04 75 00
 (174.018614)  can0  460   [4]  0A 00 04 00
 (174.018837)  can0  462   [4]  12 00 04 00
 (174.019036)  can0  464   [8]  37 6A AF 02 E3 04 75 00
 (175.026626)  can0  460   [4]  15 00 04 00
 (175.026843)  can0  462   [4]  25 00 04 00
 (175.027040)  can0  464   [8]  37 6A AF 02 E3 04 75 00
 (176.042642)  can0  460   [4]  0A 00 04 00
 (176.042862)  can0  462   [4]  12 00 04 00
 (176.043054)  can0  464   [8]  37 6A AF 02 E3 04 75 00
 (177.054474)  can0  460   [4]  0C 00 04 00
 (177.054692)  can0  462   [4]  12 00 04 00
 (177.054897)  can0  464   [8]  37 6A AF 02 E3 04 75 00
 (178.064724)  can0  460   [4]  18 00 04 00
 (178.064949)  can0  462   [4]  25 00 04 00
 (178.065148)  can0  464   [8]  37 6A AF 02 E3 04 75 00
 (179.074699)  can0  460   [4]  0C 00 04 00
 (179.074957)  can0  462   [4]  12 00 04 00
 (179.075160)  can0  464   [8]  37 6A AF 02 E3 04 75 00
 (180.082533)  can0  460   [4]  0C 00 04 00
 (180.082758)  can0  462   [4]  12 00 04 00
 (180.082947)  can0  464   [8]  37 6A AF 02 E3 04 75 00
 (181.094730)  can0  460   [4]  0C 00 04 00
 (181.094950)  can0  462   [4]  12 00 04 00
 (181.095149)  can0  464   [8]  37 6A AF 02 E3 04 75 00
 (182.002462)  can0  460   [4]  00 00 04 00
 (182.002682)  can0  462   [4]  00 00 04 00
 (182.002877)  can0  464   [8]  37 6A AF 02 E2 04 75 00
 (183.012579)  can0  460   [4]  00 00 04 00
 (183.012806)  can0  462   [4]  00 00 04 00
 (183.012996)  can0  464   [8]  37 6A AF 02 E2 04 75 00
 (184.024813)  can0  460   [4]  0C 00 04 00
 (184.025035)  can0  462   [4]  12 00 04 00
 (184.025233)  can0  464   [8]  37 6A AF 02 E2 04 75 00
 (185.032598)  can0  460   [4]  00 00 04 00
 (185.032812)  can0  462   [4]  00 00 04 00
 (185.033008)  can0  464   [8]  37 6A AF 02 E2 04 75 00
 (186.050614)  can0  460   [4]  00 00 04 00
 (186.050828)  can0  462   [4]  00 00 04 00
 (186.051027)  can0  464   [8]  37 6A AF 02 E3 04 75 00
 (187.060815)  can0  460   [4]  1A 00 04 00
 (187.061029)  can0  462   [4]  25 00 04 00
 (187.061244)  can0  464   [8]  37 6A AF 02 E3 04 75 00
 (188.072833)  can0  460   [4]  0D 00 04 00
 (188.073067)  can0  462   [4]  12 00 04 00
 (188.073257)  can0  464   [8]  38 6A AF 02 E4 04 75 00
 (189.082582)  can0  460   [4]  00 00 04 00
 (189.082800)  can0  462   [4]  00 00 04 00
 (189.082989)  can0  464   [8]  38 6A AF 02 E4 04 75 00
 (190.092873)  can0  460   [4]  0D 00 04 00
 (190.093111)  can0  462   [4]  12 00 04 00
 (190.093321)  can0  464   [8]  38 6A AF 02 E4 04 75 00
 (191.097133)  can0  460   [4]  0D 00 04 00
 (191.097348)  can0  462   [4]  12 00 04 00
 (191.097541)  can0  464   [8]  38 6A AF 02 E5 04 75 00
 (192.004891)  can0  460   [4]  0D 00 04 00
 (192.005119)  can0  462   [4]  12 00 04 00
 (192.005314)  can0  464   [8]  38 6A AF 02 E5 04 75 00
 (193.014902)  can0  460   [4]  0D 00 04 00
 (193.015119)  can0  462   [4]  12 00 04 00
 (193.015325)  can0  464   [8]  38 6A AF 02 E6 04 75 00
 (194.020648)  can0  460   [4]  00 00 04 00
 (194.020882)  can0  462   [4]  00 00 04 00
 (194.021082)  can0  464   [8]  38 6A AF 02 E6 04 75 00
 (195.026942)  can0  460   [4]  1F 00 04 00
 (195.027162)  can0  462   [4]  25 00 04 00
 (195.027365)  can0  464   [8]  39 6A AF 02 E6 04 75 00
 (196.042773)  can0  460   [4]  0F 00 04 00
 (196.042989)  can0  462   [4]  12 00 04 00
 (196.043183)  can0  464   [8]  39 6A AF 02 E7 04 75 00
 (197.048798)  can0  460   [4]  0F 00 04 00
 (197.049012)  can0  462   [4]  12 00 04 00
 (197.049205)  can0  464   [8]  39 6A AF 02 E8 04 75 00
 (198.058714)  can0  460   [4]  00 00 04 00
 (198.058947)  can0  462   [4]  00 00 04 00
 (198.059142)  can0  464   [8]  3A 6A AF 02 E8 04 75 00
 (199.070736)  can0  460   [4]  00 00 04 00
 (199.070986)  can0  462   [4]  00 00 04 00
 (199.071187)  can0  464   [8]  3A 6A AF 02 E8 04 75 00
 (200.080735)  can0  460   [4]  00 00 04 00
 (200.080954)  can0  462   [4]  00 00 04 00
 (200.081156)  can0  464   [8]  3A 6A AF 02 E8 04 75 00
 (201.088756)  can0  460   [4]  00 00 04 00
 (201.088972)  can0  462   [4]  00 00 04 00
 (201.089165)  can0  464   [8]  3A 6A AF 02 E8 04 75 00
 (202.099045)  can0  460   [4]  0F 00 04 00
 (202.099265)  can0  462   [4]  12 00 04 00
 (202.099461)  can0  464   [8]  37 6A AF 02 E3 04 75 00
 (203.005079)  can0  460   [4]  31 00 04 00
 (203.005332)  can0  462   [4]  37 00 04 00
 (203.005556)  can0  464   [8]  37 6A AF 02 E4 04 75 00
 (204.013120)  can0  460   [4]  21 00 04 00
 (204.013372)  can0  462   [4]  25 00 04 00
 (204.013576)  can0  464   [8]  37 6A AF 02 E4 04 75 00
 (205.025079)  can0  460   [4]  22 00 04 00
 (205.025291)  can0  462   [4]  25 00 04 00
 (205.025484)  can0  464   [8]  37 6A AF 02 E4 04 75 00
 (206.033098)  can0  460   [4]  11 00 04 00
 (206.033314)  can0  462   [4]  12 00 04 00
 (206.033508)  can0  464   [8]  37 6A AF 02 E4 04 75 00
 (207.042960)  can0  460   [4]  11 00 04 00
 (207.043191)  can0  462   [4]  12 00 04 00
 (207.043390)  can0  464   [8]  37 6A AF 02 E3 04 75 00
 (208.050876)  can0  460   [4]  34 00 04 00
 (208.051095)  can0  462   [4]  37 00 04 00
 (208.051297)  can0  464   [8]  37 6A AF 02 E4 04 75 00
 (209.061142)  can0  460   [4]  22 00 04 00
 (209.061361)  can0  462   [4]  25 00 04 00
 (209.061562)  can0  464   [8]  37 6A AF 02 E3 04 75 00
 (210.073166)  can0  460   [4]  22 00 04 00
 (210.073405)  can0  462   [4]  25 00 04 00
 (210.073602)  can0  464   [8]  37 6A AF 02 E1 04 75 00
 (211.083001)  can0  460   [4]  11 00 04 00
 (211.083214)  can0  462   [4]  12 00 04 00
 (211.083409)  can0  464   [8]  36 6A AF 02 E0 04 75 00
 (212.099213)  can0  460   [4]  11 00 04 00
 (212.099430)  can0  462   [4]  12 00 04 00
 (212.099622)  can0  464   [8]  36 6A AF 02 DF 04 75 00
 (213.009222)  can0  460   [4]  11 00 04 00
 (213.009447)  can0  462   [4]  12 00 04 00
 (213.009643)  can0  464   [8]  36 6A AF 02 DF 04 75 00
 (214.017037)  can0  460   [4]  00 00 04 00
 (214.017254)  can0  462   [4]  00 00 04 00
 (214.017455)  can0  464   [8]  35 6A AF 02 DE 04 75 00
 (412.499717)  can0  460   [4]  00 00 04 00
 (412.499949)  can0  462   [4]  00 00 04 00
 (412.500148)  can0  464   [8]  35 6A AF 02 DE 04 75 00
 (413.018345)  can0  460   [4]  0D 00 07 00
 (413.018564)  can0  462   [4]  12 00 07 00
 (413.018760)  can0  464   [8]  4B 6A AF 02 21 05 75 00
 (414.042163)  can0  460   [4]  0D 00 07 00
 (414.042379)  can0  462   [4]  12 00 07 00
 (414.042587)  can0  464   [8]  4B 6A AF 02 21 05 75 00
 (415.056356)  can0  460   [4]  1B 00 07 00
 (415.056577)  can0  462   [4]  25 00 07 00
 (415.056774)  can0  464   [8]  4B 6A AF 02 20 05 75 00
 (416.074249)  can0  460   [4]  0D 00 07 00
 (416.074522)  can0  462   [4]  12 00 07 00
 (416.074739)  can0  464   [8]  4B 6A AF 02 21 05 75 00
 (417.092224)  can0  460   [4]  0D 00 07 00
 (417.092446)  can0  462   [4]  12 00 07 00
 (417.092650)  can0  464   [8]  4B 6A AF 02 21 05 75 00
 (418.006410)  can0  460   [4]  0D 00 07 00
 (418.006633)  can0  462   [4]  12 00 07 00
 (418.006824)  can0  464   [8]  4B 6A AF 02 21 05 75 00
 (419.026247)  can0  460   [4]  0D 00 07 00
 (419.026464)  can0  462   [4]  12 00 07 00
 (419.026666)  can0  464   [8]  4B 6A AF 02 21 05 75 00
 (420.042428)  can0  460   [4]  0D 00 07 00
 (420.042639)  can0  462   [4]  12 00 07 00
 (420.042833)  can0  464   [8]  4B 6A AF 02 21 05 75 00
 (421.058191)  can0  460   [4]  00 00 07 00
 (421.058412)  can0  462   [4]  00 00 07 00
 (421.058615)  can0  464   [8]  4B 6A AF 02 21 05 75 00
 (422.076463)  can0  460   [4]  0D 00 07 00
 (422.076676)  can0  462   [4]  12 00 07 00
 (422.076869)  can0  464   [8]  4B 6A AF 02 21 05 75 00
 (423.096668)  can0  460   [4]  0D 00 07 00
 (423.096890)  can0  462   [4]  12 00 07 00
 (423.097087)  can0  464   [8]  4B 6A AF 02 21 05 75 00
 (424.012503)  can0  460   [4]  0D 00 07 00
 (424.012718)  can0  462   [4]  12 00 07 00
 (424.012924)  can0  464   [8]  4B 6A AF 02 21 05 75 00
 (425.028245)  can0  460   [4]  00 00 07 00
 (425.028464)  can0  462   [4]  00 00 07 00
 (425.028676)  can0  464   [8]  4B 6A AF 02 21 05 75 00
 (426.044530)  can0  460   [4]  0D 00 07 00
 (426.044747)  can0  462   [4]  12 00 07 00
 (426.044951)  can0  464   [8]  4B 6A AF 02 21 05 75 00
 (427.066316)  can0  460   [4]  00 00 07 00
 (427.066562)  can0  462   [4]  00 00 07 00
 (427.066766)  can0  464   [8]  4B 6A AF 02 21 05 75 00
 (428.080578)  can0  460   [4]  0D 00 07 00
 (428.080805)  can0  462   [4]  12 00 07 00
 (428.081003)  can0  464   [8]  4B 6A AF 02 21 05 75 00
 (429.100419)  can0  460   [4]  0D 00 07 00
 (429.100641)  can0  462   [4]  12 00 07 00
 (429.100850)  can0  464   [8]  4B 6A AF 02 21 05 75 00
 (430.020609)  can0  460   [4]  0D 00 07 00
 (430.020823)  can0  462   [4]  12 00 07 00
 (430.021022)  can0  464   [8]  4B 6A AF 02 21 05 75 00
 (431.038433)  can0  460   [4]  0D 00 07 00
 (431.038659)  can0  462   [4]  12 00 07 00
 (431.038858)  can0  464   [8]  4B 6A AF 02 21 05 75 00
 (432.058632)  can0  460   [4]  0D 00 07 00
 (432.058848)  can0  462   [4]  12 00 07 00
 (432.059052)  can0  464   [8]  4B 6A AF 02 21 05 75 00
 (433.080486)  can0  460   [4]  0D 00 07 00
 (433.080718)  can0  462   [4]  12 00 07 00
 (433.080925)  can0  464   [8]  4B 6A AF 02 21 05 75 00
 (434.100669)  can0  460   [4]  0D 00 07 00
 (434.100879)  can0  462   [4]  12 00 07 00
 (434.101070)  can0  464   [8]  4B 6A AF 02 21 05 75 00
 (435.012690)  can0  460   [4]  0D 00 07 00
 (435.012928)  can0  462   [4]  12 00 07 00
 (435.013134)  can0  464   [8]  4B 6A AF 02 21 05 75 00
 (436.028712)  can0  460   [4]  0D 00 07 00
 (436.028928)  can0  462   [4]  12 00 07 00
 (436.029126)  can0  464   [8]  4B 6A AF 02 21 05 75 00
 (437.040722)  can0  460   [4]  0D 00 07 00
 (437.040941)  can0  462   [4]  12 00 07 00
 (437.041148)  can0  464   [8]  4B 6A AF 02 21 05 75 00
 (438.058728)  can0  460   [4]  0D 00 07 00
 (438.058954)  can0  462   [4]  12 00 07 00
 (438.059165)  can0  464   [8]  4B 6A AF 02 21 05 75 00
 (439.072749)  can0  460   [4]  0D 00 07 00
 (439.072966)  can0  462   [4]  12 00 07 00
 (439.073159)  can0  464   [8]  4B 6A AF 02 21 05 75 00
 (440.088779)  can0  460   [4]  0D 00 07 00
 (440.088994)  can0  462   [4]  12 00 07 00
 (440.089189)  can0  464   [8]  4B 6A AF 02 21 05 75 00
 (441.004780)  can0  460   [4]  0C 00 07 00
 (441.004992)  can0  462   [4]  12 00 07 00
 (441.005181)  can0  464   [8]  4B 6A AF 02 21 05 75 00
 (442.017307)  can0  460   [4]  1B 00 07 00
 (442.017528)  can0  462   [4]  25 00 07 00
 (442.017733)  can0  464   [8]  4B 6A AF 02 21 05 75 00
 (443.038798)  can0  460   [4]  0D 00 07 00
 (443.039013)  can0  462   [4]  12 00 07 00
 (443.039215)  can0  464   [8]  4B 6A AF 02 21 05 75 00
 (444.054818)  can0  460   [4]  0E 00 07 00
 (444.055041)  can0  462   [4]  12 00 07 00
 (444.055242)  can0  464   [8]  4B 6A AF 02 21 05 75 00
 (445.072669)  can0  460   [4]  0D 00 07 00
 (445.072885)  can0  462   [4]  12 00 07 00
 (445.073082)  can0  464   [8]  4B 6A AF 02 21 05 75 00
 (446.088845)  can0  460   [4]  0D 00 07 00
 (446.089074)  can0  462   [4]  12 00 07 00
 (446.089281)  can0  464   [8]  4B 6A AF 02 21 05 75 00
 (447.009495)  can0  460   [4]  0D 00 07 00
 (447.009720)  can0  462   [4]  12 00 07 00
 (447.009914)  can0  464   [8]  4B 6A AF 02 21 05 75 00
 (448.028898)  can0  460   [4]  0D 00 07 00
 (448.029154)  can0  462   [4]  12 00 07 00
 (448.029540)  can0  464   [8]  4B 6A AF 02 22 05 75 00
 (449.048809)  can0  460   [4]  00 00 07 00
 (449.049025)  can0  462   [4]  00 00 07 00
 (449.049218)  can0  464   [8]  4C 6A AF 02 22 05 75 00
 (450.066746)  can0  460   [4]  0D 00 08 00
 (450.066961)  can0  462   [4]  12 00 08 00
 (450.067161)  can0  464   [8]  4C 6A AF 02 22 05 75 00
 (451.078937)  can0  460   [4]  0C 00 08 00
 (451.079162)  can0  462   [4]  12 00 08 00
 (451.079356)  can0  464   [8]  4C 6A AF 02 22 05 75 00
 (452.092786)  can0  460   [4]  0C 00 08 00
 (452.093005)  can0  462   [4]  12 00 08 00
 (452.093204)  can0  464   [8]  4C 6A AF 02 22 05 75 00
 (453.006778)  can0  460   [4]  00 00 08 00
 (453.006999)  can0  462   [4]  00 00 08 00
 (453.007205)  can0  464   [8]  4C 6A AF 02 22 05 75 00
 (454.026710)  can0  460   [4]  00 00 08 00
 (454.026923)  can0  462   [4]  00 00 08 00
 (454.027115)  can0  464   [8]  4C 6A AF 02 22 05 75 00
 (455.040994)  can0  460   [4]  05 00 08 00
 (455.041215)  can0  462   [4]  12 00 08 00
 (455.041408)  can0  464   [8]  4C 6A AF 02 22 05 75 00
 (456.056732)  can0  460   [4]  00 00 08 00
 (456.056943)  can0  462   [4]  00 00 08 00
 (456.057133)  can0  464   [8]  4C 6A AF 02 22 05 75 00
 (457.068742)  can0  460   [4]  00 00 08 00
 (457.068952)  can0  462   [4]  00 00 08 00
 (457.069150)  can0  464   [8]  4C 6A AF 02 23 05 75 00
 (458.086768)  can0  460   [4]  00 00 08 00
 (458.086986)  can0  462   [4]  00 00 08 00
 (458.087180)  can0  464   [8]  4C 6A AF 02 23 05 75 00
 (459.100797)  can0  460   [4]  00 00 08 00
 (459.101014)  can0  462   [4]  00 00 08 00
 (459.101211)  can0  464   [8]  4C 6A AF 02 23 05 75 00
 (460.018813)  can0  460   [4]  00 00 08 00
 (460.019035)  can0  462   [4]  00 00 08 00
 (460.019234)  can0  464   [8]  4C 6A AF 02 23 05 75 00
 (461.034815)  can0  460   [4]  00 00 08 00
 (461.035035)  can0  462   [4]  00 00 08 00
 (461.035233)  can0  464   [8]  4C 6A AF 02 23 05 75 00
 (462.048824)  can0  460   [4]  00 00 08 00
 (462.049041)  can0  462   [4]  00 00 08 00
 (462.049241)  can0  464   [8]  4C 6A AF 02 22 05 75 00
 (463.064843)  can0  460   [4]  09 00 08 00
 (463.065060)  can0  462   [4]  12 00 08 00
 (463.065262)  can0  464   [8]  4C 6A AF 02 22 05 75 00
 (464.080858)  can0  460   [4]  00 00 08 00
 (464.081073)  can0  462   [4]  00 00 08 00
 (464.081275)  can0  464   [8]  4C 6A AF 02 22 05 75 00
 (465.095156)  can0  460   [4]  09 00 08 00
 (465.095388)  can0  462   [4]  12 00 08 00
 (465.095597)  can0  464   [8]  4C 6A AF 02 22 05 75 00
 (466.009511)  can0  460   [4]  00 00 08 00
 (466.009733)  can0  462   [4]  00 00 08 00
 (466.009925)  can0  464   [8]  4C 6A AF 02 22 05 75 00
 (467.022913)  can0  460   [4]  00 00 08 00
 (467.023148)  can0  462   [4]  00 00 08 00
 (467.023340)  can0  464   [8]  4C 6A AF 02 22 05 75 00
 (468.036939)  can0  460   [4]  00 00 08 00
 (468.037167)  can0  462   [4]  00 00 08 00
 (468.037371)  can0  464   [8]  4C 6A AF 02 23 05 75 00
 (469.051057)  can0  460   [4]  0A 00 08 00
 (469.051289)  can0  462   [4]  12 00 08 00
 (469.051481)  can0  464   [8]  4C 6A AF 02 22 05 75 00
 (470.063234)  can0  460   [4]  09 00 08 00
 (470.063451)  can0  462   [4]  12 00 08 00
 (470.063646)  can0  464   [8]  4C 6A AF 02 22 05 75 00
 (471.073265)  can0  460   [4]  09 00 08 00
 (471.073495)  can0  462   [4]  12 00 08 00
 (471.073690)  can0  464   [8]  4C 6A AF 02 22 05 75 00
 (472.091091)  can0  460   [4]  00 00 08 00
 (472.091309)  can0  462   [4]  00 00 08 00
 (472.091502)  can0  464   [8]  4C 6A AF 02 22 05 75 00
 (473.005890)  can0  460   [4]  0A 00 08 00
 (473.006112)  can0  462   [4]  12 00 08 00
 (473.006313)  can0  464   [8]  4C 6A AF 02 22 05 75 00
 (474.019282)  can0  460   [4]  09 00 08 00
 (474.019495)  can0  462   [4]  12 00 08 00
 (474.019685)  can0  464   [8]  4C 6A AF 02 22 05 75 00
 (475.041051)  can0  460   [4]  0A 00 07 00
 (475.041263)  can0  462   [4]  12 00 07 00
 (475.041463)  can0  464   [8]  4C 6A AF 02 22 05 75 00
 (476.061049)  can0  460   [4]  00 00 07 00
 (476.061266)  can0  462   [4]  00 00 07 00
 (476.061462)  can0  464   [8]  4C 6A AF 02 22 05 75 00
 (477.077161)  can0  460   [4]  1B 00 07 00
 (477.077377)  can0  462   [4]  37 00 07 00
 (477.077576)  can0  464   [8]  4B 6A AF 02 21 05 75 00
 (478.095620)  can0  460   [4]  12 00 07 00
 (478.095836)  can0  462   [4]  25 00 07 00
 (478.096036)  can0  464   [8]  4B 6A AF 02 21 05 75 00
 (479.011897)  can0  460   [4]  09 00 07 00
 (479.012113)  can0  462   [4]  12 00 07 00
 (479.012305)  can0  464   [8]  4B 6A AF 02 21 05 75 00
 (480.033126)  can0  460   [4]  09 00 07 00
 (480.033342)  can0  462   [4]  12 00 07 00
 (480.033530)  can0  464   [8]  4B 6A AF 02 22 05 75 00
 (481.047409)  can0  460   [4]  09 00 07 00
 (481.047647)  can0  462   [4]  12 00 07 00
 (481.047844)  can0  464   [8]  4B 6A AF 02 22 05 75 00
 (482.065242)  can0  460   [4]  00 00 08 00
 (482.065457)  can0  462   [4]  00 00 08 00
 (482.065654)  can0  464   [8]  4C 6A AF 02 22 05 75 00
 (483.085191)  can0  460   [4]  00 00 08 00
 (483.085415)  can0  462   [4]  00 00 08 00
 (483.085609)  can0  464   [8]  4C 6A AF 02 23 05 75 00
 (484.101197)  can0  460   [4]  00 00 08 00
 (484.101420)  can0  462   [4]  00 00 08 00
 (484.101619)  can0  464   [8]  4C 6A AF 02 23 05 75 00
 (485.021286)  can0  460   [4]  00 00 08 00
 (485.021502)  can0  462   [4]  00 00 08 00
 (485.021700)  can0  464   [8]  4C 6A AF 02 23 05 75 00
 (486.039231)  can0  460   [4]  09 00 08 00
 (486.039458)  can0  462   [4]  12 00 08 00
 (486.039666)  can0  464   [8]  4C 6A AF 02 23 05 75 00
 (487.055496)  can0  460   [4]  09 00 08 00
 (487.055711)  can0  462   [4]  12 00 08 00
 (487.055904)  can0  464   [8]  4C 6A AF 02 23 05 75 00
 (488.073351)  can0  460   [4]  0A 00 08 00
 (488.073569)  can0  462   [4]  12 00 08 00
 (488.073766)  can0  464   [8]  4C 6A AF 02 23 05 75 00
 (489.091525)  can0  460   [4]  00 00 08 00
 (489.091743)  can0  462   [4]  00 00 08 00
 (489.091939)  can0  464   [8]  4C 6A AF 02 23 05 75 00
 (490.009374)  can0  460   [4]  00 00 08 00
 (490.009611)  can0  462   [4]  00 00 08 00
 (490.009811)  can0  464   [8]  4C 6A AF 02 23 05 75 00
 (491.025387)  can0  460   [4]  0A 00 08 00
 (491.025601)  can0  462   [4]  12 00 08 00
 (491.025791)  can0  464   [8]  4C 6A AF 02 22 05 75 00
 (492.043592)  can0  460   [4]  0A 00 07 00
 (492.043836)  can0  462   [4]  12 00 07 00
 (492.044033)  can0  464   [8]  4B 6A AF 02 22 05 75 00
 (493.061319)  can0  460   [4]  00 00 07 00
 (493.061532)  can0  462   [4]  00 00 07 00
 (493.061725)  can0  464   [8]  4B 6A AF 02 22 05 75 00
 (494.081460)  can0  460   [4]  0A 00 07 00
 (494.081693)  can0  462   [4]  12 00 07 00
 (494.081898)  can0  464   [8]  4B 6A AF 02 22 05 75 00
 (495.101638)  can0  460   [4]  0A 00 07 00
 (495.101870)  can0  462   [4]  12 00 07 00
 (495.102062)  can0  464   [8]  4B 6A AF 02 21 05 75 00
 (496.017656)  can0  460   [4]  09 00 07 00
 (496.017868)  can0  462   [4]  12 00 07 00
 (496.018060)  can0  464   [8]  4B 6A AF 02 21 05 75 00
 (497.035390)  can0  460   [4]  09 00 07 00
 (497.035618)  can0  462   [4]  12 00 07 00
 (497.035826)  can0  464   [8]  4B 6A AF 02 20 05 75 00
 (498.053486)  can0  460   [4]  00 00 07 00
 (498.053700)  can0  462   [4]  00 00 07 00
 (498.053894)  can0  464   [8]  4B 6A AF 02 20 05 75 00
 (499.069410)  can0  460   [4]  00 00 07 00
 (499.069625)  can0  462   [4]  00 00 07 00
 (499.069820)  can0  464   [8]  4B 6A AF 02 20 05 75 00
 (500.085429)  can0  460   [4]  00 00 07 00
 (500.085648)  can0  462   [4]  00 00 07 00
 (500.085843)  can0  464   [8]  4B 6A AF 02 20 05 75 00
 (501.097451)  can0  460   [4]  00 00 07 00
 (501.097676)  can0  462   [4]  00 00 07 00
 (501.097871)  can0  464   [8]  4B 6A AF 02 20 05 75 00
 (502.012105)  can0  460   [4]  00 00 07 00
 (502.012335)  can0  462   [4]  00 00 07 00
 (502.012527)  can0  464   [8]  4B 6A AF 02 1F 05 75 00
 (503.025486)  can0  460   [4]  00 00 07 00
 (503.025711)  can0  462   [4]  00 00 07 00
 (503.025911)  can0  464   [8]  4A 6A AF 02 1F 05 75 00
 (504.039509)  can0  460   [4]  09 00 07 00
 (504.039732)  can0  462   [4]  12 00 07 00
 (504.039932)  can0  464   [8]  4A 6A AF 02 1F 05 75 00
 (505.057520)  can0  460   [4]  00 00 07 00
 (505.057749)  can0  462   [4]  00 00 07 00
 (505.057945)  can0  464   [8]  4A 6A AF 02 1F 05 75 00
 (506.075537)  can0  460   [4]  00 00 07 00
 (506.075759)  can0  462   [4]  00 00 07 00
 (506.075959)  can0  464   [8]  4A 6A AF 02 1F 05 75 00
 (507.089548)  can0  460   [4]  09 00 07 00
 (507.089761)  can0  462   [4]  12 00 07 00
 (507.089962)  can0  464   [8]  4A 6A AF 02 1E 05 75 00
 (508.007843)  can0  460   [4]  09 00 07 00
 (508.008064)  can0  462   [4]  12 00 07 00
 (508.008258)  can0  464   [8]  4A 6A AF 02 1E 05 75 00
 (509.022384)  can0  460   [4]  09 00 07 00
 (509.022604)  can0  462   [4]  12 00 07 00
 (509.022800)  can0  464   [8]  4A 6A AF 02 1D 05 75 00
 (510.041700)  can0  460   [4]  00 00 07 00
 (510.041922)  can0  462   [4]  00 00 07 00
 (510.042115)  can0  464   [8]  4A 6A AF 02 1D 05 75 00
 (511.059613)  can0  460   [4]  00 00 07 00
 (511.059840)  can0  462   [4]  00 00 07 00
 (511.060053)  can0  464   [8]  4A 6A AF 02 1D 05 75 00
 (512.081619)  can0  460   [4]  00 00 07 00
 (512.081826)  can0  462   [4]  00 00 07 00
 (512.082019)  can0  464   [8]  4A 6A AF 02 1D 05 75 00
 (513.095912)  can0  460   [4]  07 00 07 00
 (513.096135)  can0  462   [4]  12 00 07 00
 (513.096327)  can0  464   [8]  4A 6A AF 02 1C 05 75 00
 (514.018361)  can0  460   [4]  07 00 07 00
 (514.018591)  can0  462   [4]  12 00 07 00
 (514.018784)  can0  464   [8]  49 6A AF 02 1C 05 75 00
 (515.039956)  can0  460   [4]  05 00 07 00
 (515.040169)  can0  462   [4]  12 00 07 00
 (515.040359)  can0  464   [8]  49 6A AF 02 1B 05 75 00
 (516.059952)  can0  460   [4]  05 00 07 00
 (516.060160)  can0  462   [4]  12 00 07 00
 (516.060349)  can0  464   [8]  49 6A AF 02 1A 05 75 00
 (517.077706)  can0  460   [4]  05 00 07 00
 (517.077921)  can0  462   [4]  12 00 07 00
 (517.078120)  can0  464   [8]  49 6A AF 02 1A 05 75 00
 (518.092027)  can0  460   [4]  05 00 07 00
 (518.092265)  can0  462   [4]  12 00 07 00
 (518.092457)  can0  464   [8]  4B 6A AF 02 22 05 75 00
 (519.010005)  can0  460   [4]  07 00 07 00
 (519.010219)  can0  462   [4]  12 00 07 00
 (519.010413)  can0  464   [8]  4B 6A AF 02 22 05 75 00
 (520.029760)  can0  460   [4]  05 00 08 00
 (520.029974)  can0  462   [4]  12 00 08 00
 (520.030165)  can0  464   [8]  4C 6A AF 02 23 05 75 00
 (521.047878)  can0  460   [4]  05 00 08 00
 (521.048092)  can0  462   [4]  12 00 08 00
 (521.048285)  can0  464   [8]  4C 6A AF 02 23 05 75 00
 (522.063791)  can0  460   [4]  05 00 08 00
 (522.064002)  can0  462   [4]  12 00 08 00
 (522.064190)  can0  464   [8]  4C 6A AF 02 23 05 75 00
 (523.079902)  can0  460   [4]  05 00 08 00
 (523.080130)  can0  462   [4]  12 00 08 00
 (523.080337)  can0  464   [8]  4C 6A AF 02 23 05 75 00
 (524.103843)  can0  460   [4]  00 00 08 00
 (524.104072)  can0  462   [4]  00 00 08 00
 (524.104267)  can0  464   [8]  4C 6A AF 02 23 05 75 00
 (525.020530)  can0  460   [4]  00 00 08 00
 (525.020742)  can0  462   [4]  00 00 08 00
 (525.020931)  can0  464   [8]  4C 6A AF 02 23 05 75 00
 (526.039857)  can0  460   [4]  00 00 08 00
 (526.040063)  can0  462   [4]  00 00 08 00
 (526.040250)  can0  464   [8]  4C 6A AF 02 23 05 75 00
 (527.055951)  can0  460   [4]  00 00 08 00
 (527.056163)  can0  462   [4]  00 00 08 00
 (527.056355)  can0  464   [8]  4C 6A AF 02 24 05 75 00
 (528.073892)  can0  460   [4]  05 00 08 00
 (528.074103)  can0  462   [4]  12 00 08 00
 (528.074294)  can0  464   [8]  4C 6A AF 02 24 05 75 00
 (529.091907)  can0  460   [4]  00 00 08 00
 (529.092123)  can0  462   [4]  00 00 08 00
 (529.092316)  can0  464   [8]  4C 6A AF 02 24 05 75 00
 (530.005911)  can0  460   [4]  00 00 08 00
 (530.006126)  can0  462   [4]  00 00 08 00
 (530.006321)  can0  464   [8]  4C 6A AF 02 24 05 75 00
 (531.022542)  can0  460   [4]  00 00 08 00
 (531.022760)  can0  462   [4]  00 00 08 00
 (531.022966)  can0  464   [8]  4C 6A AF 02 24 05 75 00
 (532.035950)  can0  460   [4]  05 00 08 00
 (532.036165)  can0  462   [4]  12 00 08 00
 (532.036374)  can0  464   [8]  4C 6A AF 02 24 05 75 00
 (533.055975)  can0  460   [4]  05 00 08 00
 (533.056186)  can0  462   [4]  12 00 08 00
 (533.056383)  can0  464   [8]  4C 6A AF 02 23 05 75 00
 (534.066013)  can0  460   [4]  05 00 08 00
 (534.066233)  can0  462   [4]  12 00 08 00
 (534.066423)  can0  464   [8]  4C 6A AF 02 23 05 75 00
 (535.078023)  can0  460   [4]  05 00 08 00
 (535.078263)  can0  462   [4]  12 00 08 00
 (535.078483)  can0  464   [8]  4C 6A AF 02 24 05 75 00
 (536.090017)  can0  460   [4]  05 00 08 00
 (536.090229)  can0  462   [4]  12 00 08 00
 (536.090421)  can0  464   [8]  4C 6A AF 02 23 05 75 00
 (537.104030)  can0  460   [4]  05 00 08 00
 (537.104244)  can0  462   [4]  12 00 08 00
 (537.104442)  can0  464   [8]  4C 6A AF 02 23 05 75 00
 (538.014836)  can0  460   [4]  0B 00 08 00
 (538.015054)  can0  462   [4]  25 00 08 00
 (538.015248)  can0  464   [8]  4C 6A AF 02 23 05 75 00
 (539.028159)  can0  460   [4]  0B 00 07 00
 (539.028391)  can0  462   [4]  25 00 07 00
 (539.028598)  can0  464   [8]  4B 6A AF 02 22 05 75 00
 (540.038174)  can0  460   [4]  0B 00 07 00
 (540.038397)  can0  462   [4]  25 00 07 00
 (540.038599)  can0  464   [8]  4B 6A AF 02 22 05 75 00
 (541.054103)  can0  460   [4]  04 00 08 00
 (541.054316)  can0  462   [4]  12 00 08 00
 (541.054509)  can0  464   [8]  4B 6A AF 02 23 05 75 00
 (542.070107)  can0  460   [4]  04 00 08 00
 (542.070318)  can0  462   [4]  12 00 08 00
 (542.070512)  can0  464   [8]  4C 6A AF 02 23 05 75 00
 (543.084139)  can0  460   [4]  04 00 08 00
 (543.084355)  can0  462   [4]  12 00 08 00
 (543.084547)  can0  464   [8]  4C 6A AF 02 23 05 75 00
 (544.096141)  can0  460   [4]  04 00 07 00
 (544.096362)  can0  462   [4]  12 00 07 00
 (544.096578)  can0  464   [8]  4B 6A AF 02 23 05 75 00
 (545.008859)  can0  460   [4]  04 00 07 00
 (545.009083)  can0  462   [4]  25 00 07 00
 (545.009275)  can0  464   [8]  4B 6A AF 02 22 05 75 00
 (546.026180)  can0  460   [4]  04 00 07 00
 (546.026415)  can0  462   [4]  25 00 07 00
 (546.026609)  can0  464   [8]  4B 6A AF 02 21 05 75 00
 (547.040291)  can0  460   [4]  00 00 07 00
 (547.040505)  can0  462   [4]  12 00 07 00
 (547.040712)  can0  464   [8]  4A 6A AF 02 20 05 75 00
 (548.056477)  can0  460   [4]  00 00 07 00
 (548.056695)  can0  462   [4]  12 00 07 00
 (548.056887)  can0  464   [8]  4A 6A AF 02 1F 05 75 00
 (549.068222)  can0  460   [4]  00 00 07 00
 (549.068434)  can0  462   [4]  25 00 07 00
 (549.068626)  can0  464   [8]  4A 6A AF 02 1E 05 75 00
 (550.084236)  can0  460   [4]  00 00 07 00
 (550.084445)  can0  462   [4]  25 00 07 00
 (550.084635)  can0  464   [8]  4A 6A AF 02 1D 05 75 00
 (551.096803)  can0  460   [4]  00 00 07 00
 (551.097016)  can0  462   [4]  25 00 07 00
 (551.097206)  can0  464   [8]  49 6A AF 02 1C 05 75 00
 (552.014377)  can0  460   [4]  00 00 07 00
 (552.014589)  can0  462   [4]  12 00 07 00
 (552.014781)  can0  464   [8]  49 6A AF 02 1B 05 75 00
 (553.022395)  can0  460   [4]  00 00 07 00
 (553.022642)  can0  462   [4]  12 00 07 00
 (553.022838)  can0  464   [8]  49 6A AF 02 1A 05 75 00
 (554.040329)  can0  460   [4]  00 00 07 00
 (554.040546)  can0  462   [4]  12 00 07 00
 (554.040738)  can0  464   [8]  49 6A AF 02 1A 05 75 00
 (555.050315)  can0  460   [4]  00 00 07 00
 (555.050525)  can0  462   [4]  00 00 07 00
 (555.050714)  can0  464   [8]  48 6A AF 02 1A 05 75 00
 (556.056615)  can0  460   [4]  00 00 07 00
 (556.056830)  can0  462   [4]  12 00 07 00
 (556.057027)  can0  464   [8]  48 6A AF 02 19 05 75 00
 (557.068348)  can0  460   [4]  02 00 07 00
 (557.068554)  can0  462   [4]  12 00 07 00
 (557.068743)  can0  464   [8]  48 6A AF 02 19 05 75 00
 (558.044766)  can0  460   [4]  00 00 07 00
 (558.044947)  can0  462   [4]  00 00 07 00
 (558.045141)  can0  464   [8]  48 6A AF 02 19 05 75 00
 (559.052492)  can0  460   [4]  02 00 07 00
 (559.052721)  can0  462   [4]  12 00 07 00
 (559.052914)  can0  464   [8]  48 6A AF 02 18 05 75 00
 (560.064496)  can0  460   [4]  00 00 07 00
 (560.064717)  can0  462   [4]  00 00 07 00
 (560.064912)  can0  464   [8]  48 6A AF 02 18 05 75 00
 (561.078409)  can0  460   [4]  00 00 07 00
 (561.078615)  can0  462   [4]  00 00 07 00
 (561.078805)  can0  464   [8]  48 6A AF 02 18 05 75 00
 (562.092442)  can0  460   [4]  00 00 07 00
 (562.092660)  can0  462   [4]  00 00 07 00
 (562.092851)  can0  464   [8]  48 6A AF 02 18 05 75 00
 (563.102446)  can0  460   [4]  00 00 07 00
 (563.102673)  can0  462   [4]  00 00 07 00
 (563.102875)  can0  464   [8]  48 6A AF 02 18 05 75 00
 (564.013264)  can0  460   [4]  02 00 07 00
 (564.013477)  can0  462   [4]  12 00 07 00
 (564.013672)  can0  464   [8]  48 6A AF 02 17 05 75 00
 (565.028548)  can0  460   [4]  00 00 07 00
 (565.028967)  can0  462   [4]  00 00 07 00
 (565.029347)  can0  464   [8]  48 6A AF 02 17 05 75 00
 (566.044495)  can0  460   [4]  00 00 07 00
 (566.044719)  can0  462   [4]  00 00 07 00
 (566.044924)  can0  464   [8]  48 6A AF 02 17 05 75 00
 (567.058517)  can0  460   [4]  02 00 07 00
 (567.058730)  can0  462   [4]  12 00 07 00
 (567.058925)  can0  464   [8]  47 6A AF 02 17 05 75 00
 (568.074527)  can0  460   [4]  02 00 07 00
 (568.074740)  can0  462   [4]  12 00 07 00
 (568.074935)  can0  464   [8]  47 6A AF 02 16 05 75 00
 (569.092548)  can0  460   [4]  00 00 07 00
 (569.092779)  can0  462   [4]  00 00 07 00
 (569.092975)  can0  464   [8]  47 6A AF 02 16 05 75 00
 (570.104573)  can0  460   [4]  00 00 07 00
 (570.104871)  can0  462   [4]  00 00 07 00
 (570.105063)  can0  464   [8]  47 6A AF 02 16 05 75 00
 (571.017192)  can0  460   [4]  00 00 07 00
 (571.017404)  can0  462   [4]  00 00 07 00
 (571.017596)  can0  464   [8]  47 6A AF 02 16 05 75 00
 (572.032600)  can0  460   [4]  00 00 07 00
 (572.032831)  can0  462   [4]  00 00 07 00
 (572.033036)  can0  464   [8]  47 6A AF 02 16 05 75 00
 (573.044614)  can0  460   [4]  00 00 07 00
 (573.044834)  can0  462   [4]  00 00 07 00
 (573.045045)  can0  464   [8]  47 6A AF 02 16 05 75 00
 (574.058725)  can0  460   [4]  04 00 07 00
 (574.058938)  can0  462   [4]  25 00 07 00
 (574.059130)  can0  464   [8]  47 6A AF 02 14 05 75 00
 (575.072738)  can0  460   [4]  06 00 06 00
 (575.072954)  can0  462   [4]  37 00 06 00
 (575.073155)  can0  464   [8]  46 6A AF 02 13 05 75 00
 (576.084941)  can0  460   [4]  04 00 06 00
 (576.085160)  can0  462   [4]  25 00 06 00
 (576.085353)  can0  464   [8]  46 6A AF 02 12 05 75 00
 (577.096946)  can0  460   [4]  06 00 06 00
 (577.097163)  can0  462   [4]  37 00 06 00
 (577.097365)  can0  464   [8]  46 6A AF 02 11 05 75 00
 (578.013487)  can0  460   [4]  04 00 06 00
 (578.013706)  can0  462   [4]  25 00 06 00
 (578.013916)  can0  464   [8]  45 6A AF 02 10 05 75 00
 (579.026721)  can0  460   [4]  04 00 06 00
 (579.026951)  can0  462   [4]  25 00 06 00
 (579.027163)  can0  464   [8]  45 6A AF 02 0E 05 75 00
 (580.040844)  can0  460   [4]  04 00 06 00
 (580.041063)  can0  462   [4]  25 00 06 00
 (580.041258)  can0  464   [8]  45 6A AF 02 0E 05 75 00
 (581.052748)  can0  460   [4]  04 00 06 00
 (581.052964)  can0  462   [4]  25 00 06 00
 (581.053166)  can0  464   [8]  44 6A AF 02 0D 05 75 00
 (582.064778)  can0  460   [4]  04 00 06 00
 (582.064997)  can0  462   [4]  25 00 06 00
 (582.065191)  can0  464   [8]  44 6A AF 02 0C 05 75 00
 (583.080886)  can0  460   [4]  04 00 06 00
 (583.081104)  can0  462   [4]  25 00 06 00
 (583.081301)  can0  464   [8]  43 6A AF 02 0B 05 75 00
 (584.096824)  can0  460   [4]  04 00 06 00
 (584.097045)  can0  462   [4]  25 00 06 00
 (584.097238)  can0  464   [8]  43 6A AF 02 0A 05 75 00
 (585.009602)  can0  460   [4]  04 00 06 00
 (585.009820)  can0  462   [4]  25 00 06 00
 (585.010014)  can0  464   [8]  43 6A AF 02 08 05 75 00
 (586.023943)  can0  460   [4]  04 00 06 00
 (586.024337)  can0  462   [4]  25 00 06 00
 (586.024607)  can0  464   [8]  42 6A AF 02 07 05 75 00
 (587.034837)  can0  460   [4]  06 00 06 00
 (587.035047)  can0  462   [4]  37 00 06 00
 (587.035240)  can0  464   [8]  42 6A AF 02 06 05 75 00
 (588.049121)  can0  460   [4]  0C 00 05 00
 (588.049342)  can0  462   [4]  37 00 05 00
 (588.049546)  can0  464   [8]  41 6A AF 02 04 05 75 00
 (589.062961)  can0  460   [4]  08 00 05 00
 (589.063172)  can0  462   [4]  25 00 05 00
 (589.063377)  can0  464   [8]  41 6A AF 02 03 05 75 00
 (590.080889)  can0  460   [4]  06 00 05 00
 (590.081100)  can0  462   [4]  37 00 05 00
 (590.081294)  can0  464   [8]  40 6A AF 02 01 05 75 00
 (591.095174)  can0  460   [4]  06 00 05 00
 (591.095384)  can0  462   [4]  37 00 05 00
 (591.095579)  can0  464   [8]  40 6A AF 02 FF 04 75 00
 (592.007718)  can0  460   [4]  06 00 05 00
 (592.007936)  can0  462   [4]  37 00 05 00
 (592.008128)  can0  464   [8]  3F 6A AF 02 FD 04 75 00
 (593.024934)  can0  460   [4]  09 00 05 00
 (593.025156)  can0  462   [4]  4A 00 05 00
 (593.025359)  can0  464   [8]  3E 6A AF 02 FB 04 75 00
 (594.040972)  can0  460   [4]  06 00 05 00
 (594.041184)  can0  462   [4]  37 00 05 00
 (594.041397)  can0  464   [8]  3E 6A AF 02 F9 04 75 00
 (595.051074)  can0  460   [4]  09 00 05 00
 (595.051289)  can0  462   [4]  4A 00 05 00
 (595.051482)  can0  464   [8]  3D 6A AF 02 F7 04 75 00
 (596.059282)  can0  460   [4]  0C 00 05 00
 (596.059500)  can0  462   [4]  37 00 05 00
 (596.059691)  can0  464   [8]  3C 6A AF 02 F5 04 75 00
 (597.073279)  can0  460   [4]  09 00 05 00
 (597.073491)  can0  462   [4]  4A 00 05 00
 (597.073684)  can0  464   [8]  3C 6A AF 02 F3 04 75 00
 (598.087020)  can0  460   [4]  0B 00 04 00
 (598.087229)  can0  462   [4]  5C 00 04 00
 (598.087425)  can0  464   [8]  3B 6A AF 02 F0 04 75 00
 (599.103325)  can0  460   [4]  09 00 04 00
 (599.103547)  can0  462   [4]  4A 00 04 00
 (599.103740)  can0  464   [8]  3A 6A AF 02 ED 04 75 00
 (600.020079)  can0  460   [4]  09 00 04 00
 (600.020308)  can0  462   [4]  4A 00 04 00
 (600.020508)  can0  464   [8]  39 6A AF 02 EB 04 75 00
 (601.035086)  can0  460   [4]  09 00 04 00
 (601.035307)  can0  462   [4]  4A 00 04 00
 (601.035518)  can0  464   [8]  38 6A AF 02 E9 04 75 00
 (602.047088)  can0  460   [4]  06 00 04 00
 (602.047302)  can0  462   [4]  37 00 04 00
 (602.047494)  can0  464   [8]  37 6A AF 02 E7 04 75 00
 (603.063369)  can0  460   [4]  06 00 04 00
 (603.063582)  can0  462   [4]  37 00 04 00
 (603.063774)  can0  464   [8]  37 6A AF 02 E5 04 75 00
 (604.083126)  can0  460   [4]  06 00 04 00
 (604.083345)  can0  462   [4]  37 00 04 00
 (604.083549)  can0  464   [8]  36 6A AF 02 E3 04 75 00
 (605.097137)  can0  460   [4]  04 00 04 00
 (605.097360)  can0  462   [4]  25 00 04 00
 (605.097552)  can0  464   [8]  36 6A AF 02 E2 04 75 00
 (606.009249)  can0  460   [4]  04 00 04 00
 (606.009465)  can0  462   [4]  25 00 04 00
 (606.009655)  can0  464   [8]  35 6A AF 02 E0 04 75 00
 (607.027177)  can0  460   [4]  02 00 04 00
 (607.027390)  can0  462   [4]  12 00 04 00
 (607.027585)  can0  464   [8]  35 6A AF 02 E0 04 75 00
 (608.041284)  can0  460   [4]  02 00 04 00
 (608.041506)  can0  462   [4]  12 00 04 00
 (608.041702)  can0  464   [8]  35 6A AF 02 DF 04 75 00
 (609.059297)  can0  460   [4]  02 00 04 00
 (609.059510)  can0  462   [4]  12 00 04 00
 (609.059700)  can0  464   [8]  35 6A AF 02 DE 04 75 00
 (610.073236)  can0  460   [4]  00 00 04 00
 (610.073452)  can0  462   [4]  00 00 04 00
 (610.073662)  can0  464   [8]  35 6A AF 02 DE 04 75 00
 (611.089248)  can0  460   [4]  00 00 04 00
 (611.089465)  can0  462   [4]  00 00 04 00
 (611.089655)  can0  464   [8]  35 6A AF 02 DE 04 75 00
 (612.105350)  can0  460   [4]  00 00 04 00
 (612.105568)  can0  462   [4]  00 00 04 00
 (612.105760)  can0  464   [8]  34 6A AF 02 DE 04 75 00
 (613.017540)  can0  460   [4]  02 00 04 00
 (613.017753)  can0  462   [4]  12 00 04 00
 (613.017947)  can0  464   [8]  34 6A AF 02 DD 04 75 00
 (614.031387)  can0  460   [4]  00 00 04 00
 (614.031618)  can0  462   [4]  00 00 04 00
 (614.031836)  can0  464   [8]  34 6A AF 02 DD 04 75 00
 (615.043401)  can0  460   [4]  00 00 04 00
 (615.043618)  can0  462   [4]  00 00 04 00
 (615.043814)  can0  464   [8]  34 6A AF 02 DD 04 75 00
 (616.053417)  can0  460   [4]  00 00 04 00
 (616.053631)  can0  462   [4]  00 00 04 00
 (616.053819)  can0  464   [8]  34 6A AF 02 DC 04 75 00
 (617.067436)  can0  460   [4]  02 00 04 00
 (617.067661)  can0  462   [4]  12 00 04 00
 (617.067850)  can0  464   [8]  34 6A AF 02 DC 04 75 00
 (618.079447)  can0  460   [4]  00 00 08 00
 (618.079664)  can0  462   [4]  00 00 08 00
 (618.079854)  can0  464   [8]  4D 6A AF 02 26 05 75 00
 (619.095892)  can0  460   [4]  02 00 08 00
 (619.096100)  can0  462   [4]  12 00 08 00
 (619.096289)  can0  464   [8]  4D 6A AF 02 25 05 75 00
 (620.010182)  can0  460   [4]  02 00 08 00
 (620.010395)  can0  462   [4]  12 00 08 00
 (620.010587)  can0  464   [8]  4D 6A AF 02 25 05 75 00
 (621.029404)  can0  460   [4]  00 00 08 00
 (621.029633)  can0  462   [4]  00 00 08 00
 (621.029826)  can0  464   [8]  4D 6A AF 02 25 05 75 00
 (622.047500)  can0  460   [4]  00 00 08 00
 (622.047714)  can0  462   [4]  00 00 08 00
 (622.047908)  can0  464   [8]  4D 6A AF 02 24 05 75 00
 (623.065450)  can0  460   [4]  00 00 08 00
 (623.065673)  can0  462   [4]  00 00 08 00
 (623.065869)  can0  464   [8]  4D 6A AF 02 24 05 75 00
 (624.087982)  can0  460   [4]  00 00 07 00
 (624.088195)  can0  462   [4]  CB 00 07 00
 (624.088395)  can0  464   [8]  4C 6A AF 02 20 05 75 00
 (625.101965)  can0  460   [4]  00 00 06 00
 (625.102179)  can0  462   [4]  84 01 06 00
 (625.102371)  can0  464   [8]  43 6A AF 02 12 05 75 00
 (626.015926)  can0  460   [4]  00 00 04 00
 (626.016143)  can0  462   [4]  3E 02 04 00
 (626.016346)  can0  464   [8]  37 6A AF 02 FF 04 75 00
 (627.029942)  can0  460   [4]  00 00 03 00
 (627.030162)  can0  462   [4]  2B 02 03 00
 (627.030355)  can0  464   [8]  2F 6A AF 02 EC 04 75 00
 (628.047781)  can0  460   [4]  00 00 03 00
 (628.047998)  can0  462   [4]  63 02 03 00
 (628.048199)  can0  464   [8]  27 6A AF 02 D8 04 75 00
 (629.061980)  can0  460   [4]  00 00 04 00
 (629.062196)  can0  462   [4]  D2 02 04 00
 (629.062389)  can0  464   [8]  1F 6A AF 02 BF 04 75 00
 (630.073820)  can0  460   [4]  00 00 05 00
 (630.074036)  can0  462   [4]  1C 03 05 00
 (630.074231)  can0  464   [8]  15 6A AF 02 A3 04 75 00
 (631.086010)  can0  460   [4]  00 00 08 00
 (631.086241)  can0  462   [4]  41 03 08 00
 (631.086441)  can0  464   [8]  0C 6A AF 02 86 04 75 00
 (632.100201)  can0  460   [4]  00 00 0A 00
 (632.100423)  can0  462   [4]  41 03 0A 00
 (632.100625)  can0  464   [8]  03 6A AF 02 6B 04 75 00
 (633.012056)  can0  460   [4]  00 00 0C 00
 (633.012310)  can0  462   [4]  53 03 0C 00
 (633.012624)  can0  464   [8]  FA 69 AF 02 4E 04 75 00
 (634.025627)  can0  460   [4]  00 00 0F 00
 (634.025841)  can0  462   [4]  8B 03 0F 00
 (634.026028)  can0  464   [8]  F2 69 AF 02 30 04 75 00
 (635.040389)  can0  460   [4]  00 00 11 00
 (635.040747)  can0  462   [4]  B0 03 11 00
 (635.041070)  can0  464   [8]  EA 69 AF 02 10 04 75 00
 (636.054220)  can0  460   [4]  00 00 14 00
 (636.054445)  can0  462   [4]  D5 03 14 00
 (636.054640)  can0  464   [8]  E2 69 AF 02 EE 03 75 00
 (637.068108)  can0  460   [4]  00 00 17 00
 (637.068319)  can0  462   [4]  E8 03 17 00
 (637.068513)  can0  464   [8]  DC 69 AF 02 CE 03 75 00
 (638.086121)  can0  460   [4]  00 00 19 00
 (638.086333)  can0  462   [4]  9E 03 19 00
 (638.086525)  can0  464   [8]  D6 69 AF 02 B1 03 75 00
 (639.102137)  can0  460   [4]  D7 01 1B 00
 (639.102348)  can0  462   [4]  B0 03 1B 00
 (639.102541)  can0  464   [8]  CE 69 AF 02 96 03 75 00
 (640.017730)  can0  460   [4]  70 02 1E 00
 (640.017971)  can0  462   [4]  B0 03 1E 00
 (640.018227)  can0  464   [8]  C6 69 AF 02 7A 03 75 00
 (641.034003)  can0  460   [4]  5D 03 20 00
 (641.034219)  can0  462   [4]  78 03 20 00
 (641.034412)  can0  464   [8]  C1 69 AF 02 61 03 75 00
 (642.047839)  can0  460   [4]  96 02 22 00
 (642.048051)  can0  462   [4]  41 03 22 00
 (642.048244)  can0  464   [8]  BB 69 AF 02 49 03 75 00
 (643.060225)  can0  460   [4]  00 00 24 00
 (643.060443)  can0  462   [4]  C3 03 24 00
 (643.060641)  can0  464   [8]  B3 69 AF 02 2E 03 75 00
 (644.072237)  can0  460   [4]  00 00 26 00
 (644.072460)  can0  462   [4]  B0 03 26 00
 (644.072655)  can0  464   [8]  AA 69 AF 02 15 03 75 00
 (645.084247)  can0  460   [4]  00 00 28 00
 (645.084466)  can0  462   [4]  2E 03 28 00
 (645.084670)  can0  464   [8]  A4 69 AF 02 02 03 75 00
 (646.100523)  can0  460   [4]  00 00 29 00
 (646.100737)  can0  462   [4]  75 02 29 00
 (646.100932)  can0  464   [8]  A0 69 AF 02 F6 02 75 00
 (647.012367)  can0  460   [4]  00 00 29 00
 (647.012588)  can0  462   [4]  19 02 29 00
 (647.012791)  can0  464   [8]  A1 69 AF 02 EF 02 75 00
 (648.026297)  can0  460   [4]  00 00 29 00
 (648.026502)  can0  462   [4]  97 01 29 00
 (648.026691)  can0  464   [8]  A4 69 AF 02 ED 02 75 00
 (649.038422)  can0  460   [4]  00 00 29 00
 (649.038643)  can0  462   [4]  15 01 29 00
 (649.038834)  can0  464   [8]  A7 69 AF 02 EE 02 75 00
 (650.048330)  can0  460   [4]  00 00 29 00
 (650.048540)  can0  462   [4]  5C 00 29 00
 (650.048730)  can0  464   [8]  AB 69 AF 02 F3 02 75 00
 (651.062348)  can0  460   [4]  00 00 28 00
 (651.062572)  can0  462   [4]  12 00 28 00
 (651.062767)  can0  464   [8]  AE 69 AF 02 F8 02 75 00
 (652.072196)  can0  460   [4]  00 00 28 00
 (652.072422)  can0  462   [4]  00 00 28 00
 (652.072616)  can0  464   [8]  B0 69 AF 02 FB 02 75 00
 (653.084392)  can0  460   [4]  00 00 28 00
 (653.084620)  can0  462   [4]  12 00 28 00
 (653.084811)  can0  464   [8]  B1 69 AF 02 FD 02 75 00
 (654.096478)  can0  460   [4]  00 00 28 00
 (654.096694)  can0  462   [4]  00 00 28 00
 (654.096886)  can0  464   [8]  B2 69 AF 02 FE 02 75 00
 (655.006750)  can0  460   [4]  00 00 28 00
 (655.006975)  can0  462   [4]  00 00 28 00
 (655.007180)  can0  464   [8]  B2 69 AF 02 FF 02 75 00
 (656.021997)  can0  460   [4]  00 00 28 00
 (656.022214)  can0  462   [4]  12 00 28 00
 (656.022415)  can0  464   [8]  B2 69 AF 02 FF 02 75 00
 (657.032292)  can0  460   [4]  00 00 28 00
 (657.032533)  can0  462   [4]  00 00 28 00
 (657.032739)  can0  464   [8]  B2 69 AF 02 FF 02 75 00
 (658.042011)  can0  460   [4]  00 00 28 00
 (658.042225)  can0  462   [4]  00 00 28 00
 (658.042417)  can0  464   [8]  B2 69 AF 02 FF 02 75 00
 (659.054031)  can0  460   [4]  00 00 28 00
 (659.054245)  can0  462   [4]  00 00 28 00
 (659.054437)  can0  464   [8]  B2 69 AF 02 FF 02 75 00
 (660.070063)  can0  460   [4]  00 00 28 00
 (660.070282)  can0  462   [4]  00 00 28 00
 (660.070472)  can0  464   [8]  B2 69 AF 02 FF 02 75 00
 (661.080078)  can0  460   [4]  00 00 28 00
 (661.080302)  can0  462   [4]  00 00 28 00
 (661.080496)  can0  464   [8]  B2 69 AF 02 FF 02 75 00
 (662.088100)  can0  460   [4]  00 00 28 00
 (662.088318)  can0  462   [4]  00 00 28 00
 (662.088507)  can0  464   [8]  B2 69 AF 02 FF 02 75 00
 (663.096371)  can0  460   [4]  00 00 28 00
 (663.096591)  can0  462   [4]  00 00 28 00
 (663.096782)  can0  464   [8]  B2 69 AF 02 FF 02 75 00
 (664.106743)  can0  460   [4]  00 00 28 00
 (664.106963)  can0  462   [4]  12 00 28 00
 (664.107158)  can0  464   [8]  B2 69 AF 02 FF 02 75 00
 (665.020576)  can0  460   [4]  00 00 28 00
 (665.020788)  can0  462   [4]  12 00 28 00
 (665.020977)  can0  464   [8]  B2 69 AF 02 FF 02 75 00
 (666.028437)  can0  460   [4]  00 00 28 00
 (666.028661)  can0  462   [4]  12 00 28 00
 (666.028855)  can0  464   [8]  B2 69 AF 02 FF 02 75 00
 (667.034612)  can0  460   [4]  00 00 28 00
 (667.034828)  can0  462   [4]  12 00 28 00
 (667.035020)  can0  464   [8]  B2 69 AF 02 FF 02 75 00
 (668.042475)  can0  460   [4]  00 00 28 00
 (668.042708)  can0  462   [4]  12 00 28 00
 (668.042898)  can0  464   [8]  B2 69 AF 02 FE 02 75 00
 (669.054647)  can0  460   [4]  00 00 28 00
 (669.054860)  can0  462   [4]  12 00 28 00
 (669.055053)  can0  464   [8]  B2 69 AF 02 FF 02 75 00
 (670.062655)  can0  460   [4]  00 00 28 00
 (670.062865)  can0  462   [4]  12 00 28 00
 (670.063055)  can0  464   [8]  B2 69 AF 02 FF 02 75 00
 (671.076515)  can0  460   [4]  00 00 28 00
 (671.076734)  can0  462   [4]  00 00 28 00
 (671.076928)  can0  464   [8]  B2 69 AF 02 FF 02 75 00
 (672.084520)  can0  460   [4]  00 00 28 00
 (672.084733)  can0  462   [4]  00 00 28 00
 (672.084928)  can0  464   [8]  B2 69 AF 02 FF 02 75 00
 (673.096740)  can0  460   [4]  00 00 28 00
 (673.096965)  can0  462   [4]  12 00 28 00
 (673.097160)  can0  464   [8]  B2 69 AF 02 FF 02 75 00
 (674.102557)  can0  460   [4]  00 00 28 00
 (674.102773)  can0  462   [4]  00 00 28 00
 (674.102974)  can0  464   [8]  B2 69 AF 02 FF 02 75 00
 (675.012316)  can0  460   [4]  00 00 28 00
 (675.012544)  can0  462   [4]  12 00 28 00
 (675.012736)  can0  464   [8]  B2 69 AF 02 FF 02 75 00
 (676.020785)  can0  460   [4]  00 00 28 00
 (676.021011)  can0  462   [4]  12 00 28 00
 (676.021206)  can0  464   [8]  B2 69 AF 02 FF 02 75 00
 (710.405924)  can0  460   [4]  00 00 28 00
 (710.406135)  can0  462   [4]  12 00 28 00
 (710.406329)  can0  464   [8]  B2 69 AF 02 FE 02 75 00
 (711.103434)  can0  460   [4]  00 00 28 00
 (711.103646)  can0  462   [4]  12 00 28 00
 (711.103840)  can0  464   [8]  B1 69 AF 02 FE 02 75 00
 (712.018924)  can0  460   [4]  00 00 28 00
 (712.019138)  can0  462   [4]  12 00 28 00
 (712.019331)  can0  464   [8]  B1 69 AF 02 FD 02 75 00
 (713.031213)  can0  460   [4]  00 00 28 00
 (713.031427)  can0  462   [4]  12 00 28 00
 (713.031620)  can0  464   [8]  B1 69 AF 02 FD 02 75 00
 (714.045219)  can0  460   [4]  00 00 28 00
 (714.045432)  can0  462   [4]  12 00 28 00
 (714.045625)  can0  464   [8]  B0 69 AF 02 FC 02 75 00
 (715.063416)  can0  460   [4]  00 00 28 00
 (715.063640)  can0  462   [4]  12 00 28 00
 (715.063831)  can0  464   [8]  B0 69 AF 02 FB 02 75 00
 (716.077252)  can0  460   [4]  00 00 28 00
 (716.077465)  can0  462   [4]  00 00 28 00
 (716.077658)  can0  464   [8]  B0 69 AF 02 FB 02 75 00
 (717.095618)  can0  460   [4]  00 00 28 00
 (717.095829)  can0  462   [4]  12 00 28 00
 (717.096021)  can0  464   [8]  B0 69 AF 02 FB 02 75 00
 (718.011784)  can0  460   [4]  00 00 28 00
 (718.012000)  can0  462   [4]  00 00 28 00
 (718.012193)  can0  464   [8]  B0 69 AF 02 FB 02 75 00
 (719.031029)  can0  460   [4]  00 00 28 00
 (719.031242)  can0  462   [4]  00 00 28 00
 (719.031437)  can0  464   [8]  B0 69 AF 02 FB 02 75 00
 (720.045051)  can0  460   [4]  00 00 28 00
 (720.045265)  can0  462   [4]  00 00 28 00
 (720.045456)  can0  464   [8]  B0 69 AF 02 FB 02 75 00
 (721.063166)  can0  460   [4]  00 00 28 00
 (721.063383)  can0  462   [4]  00 00 28 00
 (721.063575)  can0  464   [8]  B0 69 AF 02 FB 02 75 00
 (722.083088)  can0  460   [4]  00 00 28 00
 (722.083306)  can0  462   [4]  00 00 28 00
 (722.083501)  can0  464   [8]  B0 69 AF 02 FB 02 75 00
 (723.097459)  can0  460   [4]  00 00 28 00
 (723.097672)  can0  462   [4]  00 00 28 00
 (723.097863)  can0  464   [8]  B0 69 AF 02 FB 02 75 00
 (724.015212)  can0  460   [4]  00 00 28 00
 (724.015426)  can0  462   [4]  00 00 28 00
 (724.015617)  can0  464   [8]  B0 69 AF 02 FB 02 75 00
 (725.031580)  can0  460   [4]  00 00 28 00
 (725.031791)  can0  462   [4]  12 00 28 00
 (725.031982)  can0  464   [8]  B0 69 AF 02 FA 02 75 00
 (726.051245)  can0  460   [4]  02 00 28 00
 (726.051458)  can0  462   [4]  12 00 28 00
 (726.051649)  can0  464   [8]  B0 69 AF 02 FA 02 75 00
 (727.065179)  can0  460   [4]  00 00 28 00
 (727.065400)  can0  462   [4]  00 00 28 00
 (727.065605)  can0  464   [8]  AF 69 AF 02 FA 02 75 00
 (728.085464)  can0  460   [4]  00 00 28 00
 (728.085681)  can0  462   [4]  00 00 28 00
 (728.085871)  can0  464   [8]  AF 69 AF 02 FA 02 75 00
 (729.103742)  can0  460   [4]  00 00 28 00
 (729.103964)  can0  462   [4]  00 00 28 00
 (729.104156)  can0  464   [8]  AF 69 AF 02 F9 02 75 00
 (730.017918)  can0  460   [4]  00 00 28 00
 (730.018128)  can0  462   [4]  00 00 28 00
 (730.018322)  can0  464   [8]  AF 69 AF 02 F9 02 75 00
 (731.033500)  can0  460   [4]  00 00 28 00
 (731.033716)  can0  462   [4]  00 00 28 00
 (731.033909)  can0  464   [8]  AF 69 AF 02 F9 02 75 00
 (732.049247)  can0  460   [4]  00 00 28 00
 (732.049457)  can0  462   [4]  00 00 28 00
 (732.049657)  can0  464   [8]  AF 69 AF 02 F9 02 75 00
 (733.065531)  can0  460   [4]  00 00 28 00
 (733.065743)  can0  462   [4]  00 00 28 00
 (733.065933)  can0  464   [8]  AF 69 AF 02 F9 02 75 00
 (734.081386)  can0  460   [4]  00 00 28 00
 (734.081675)  can0  462   [4]  00 00 28 00
 (734.081900)  can0  464   [8]  AF 69 AF 02 F9 02 75 00
 (735.093642)  can0  460   [4]  00 00 28 00
 (735.093848)  can0  462   [4]  00 00 28 00
 (735.094037)  can0  464   [8]  AF 69 AF 02 F9 02 75 00
 (736.013403)  can0  460   [4]  00 00 28 00
 (736.013611)  can0  462   [4]  00 00 28 00
 (736.013801)  can0  464   [8]  AF 69 AF 02 F9 02 75 00
 (737.031323)  can0  460   [4]  00 00 28 00
 (737.031531)  can0  462   [4]  00 00 28 00
 (737.031719)  can0  464   [8]  AF 69 AF 02 F9 02 75 00
 (738.045343)  can0  460   [4]  00 00 28 00
 (738.045552)  can0  462   [4]  00 00 28 00
 (738.045742)  can0  464   [8]  AF 69 AF 02 F9 02 75 00
 (739.063452)  can0  460   [4]  00 00 28 00
 (739.063662)  can0  462   [4]  00 00 28 00
 (739.063852)  can0  464   [8]  AF 69 AF 02 F9 02 75 00
 (740.087564)  can0  460   [4]  00 00 28 00
 (740.087851)  can0  462   [4]  00 00 28 00
 (740.088082)  can0  464   [8]  AF 69 AF 02 F9 02 75 00
 (741.103788)  can0  460   [4]  00 00 28 00
 (741.104022)  can0  462   [4]  00 00 28 00
 (741.104224)  can0  464   [8]  AF 69 AF 02 F9 02 75 00
 (742.021499)  can0  460   [4]  00 00 28 00
 (742.021711)  can0  462   [4]  00 00 28 00
 (742.021900)  can0  464   [8]  AF 69 AF 02 F9 02 75 00
 (743.037687)  can0  460   [4]  00 00 28 00
 (743.037906)  can0  462   [4]  00 00 28 00
 (743.038101)  can0  464   [8]  AF 69 AF 02 F9 02 75 00
 (744.053717)  can0  460   [4]  00 00 28 00
 (744.053935)  can0  462   [4]  12 00 28 00
 (744.054130)  can0  464   [8]  AF 69 AF 02 F9 02 75 00
 (745.081621)  can0  460   [4]  00 00 28 00
 (745.082010)  can0  462   [4]  00 00 28 00
 (745.082212)  can0  464   [8]  AF 69 AF 02 F8 02 75 00
 (746.101752)  can0  460   [4]  00 00 28 00
 (746.101970)  can0  462   [4]  00 00 28 00
 (746.102172)  can0  464   [8]  AF 69 AF 02 F8 02 75 00
 (747.021935)  can0  460   [4]  00 00 28 00
 (747.022144)  can0  462   [4]  12 00 28 00
 (747.022337)  can0  464   [8]  AF 69 AF 02 F7 02 75 00
 (748.043963)  can0  460   [4]  A7 01 32 00
 (748.044188)  can0  462   [4]  E3 0D 32 00
 (748.044390)  can0  464   [8]  78 69 AF 02 93 02 75 00
 (749.064251)  can0  460   [4]  00 00 37 00
 (749.064468)  can0  462   [4]  61 07 37 00
 (749.064666)  can0  464   [8]  6F 69 AF 02 55 02 75 00
 (750.081994)  can0  460   [4]  D5 01 2B 00
 (750.082221)  can0  462   [4]  AD 02 2B 00
 (750.082427)  can0  464   [8]  AA 69 AF 02 D8 02 75 00
 (751.104088)  can0  460   [4]  00 00 2D 00
 (751.104300)  can0  462   [4]  75 02 2D 00
 (751.104494)  can0  464   [8]  A9 69 AF 02 C0 02 75 00
 (752.026013)  can0  460   [4]  2C 00 2F 00
 (752.026225)  can0  462   [4]  A9 01 2F 00
 (752.026418)  can0  464   [8]  AB 69 AF 02 A5 02 75 00
 (753.046126)  can0  460   [4]  00 00 30 00
 (753.046342)  can0  462   [4]  E4 02 30 00
 (753.046539)  can0  464   [8]  B0 69 AF 02 95 02 75 00
 (754.066067)  can0  460   [4]  00 00 33 00
 (754.066284)  can0  462   [4]  E8 03 33 00
 (754.066481)  can0  464   [8]  B8 69 AF 02 68 02 75 00
 (755.086427)  can0  460   [4]  00 00 39 00
 (755.086647)  can0  462   [4]  2C 08 39 00
 (755.086842)  can0  464   [8]  C7 69 AF 02 14 02 75 00
 (756.104259)  can0  460   [4]  00 00 3D 00
 (756.104468)  can0  462   [4]  C6 04 3D 00
 (756.104661)  can0  464   [8]  D1 69 AF 02 DE 01 75 00
 (757.020111)  can0  460   [4]  22 00 3F 00
 (757.020331)  can0  462   [4]  94 00 3F 00
 (757.020525)  can0  464   [8]  D5 69 AF 02 CA 01 75 00
 (758.037949)  can0  460   [4]  00 00 40 00
 (758.038170)  can0  462   [4]  81 00 40 00
 (758.038371)  can0  464   [8]  D8 69 AF 02 B8 01 75 00
 (759.061959)  can0  460   [4]  00 00 41 00
 (759.062173)  can0  462   [4]  F0 00 41 00
 (759.062375)  can0  464   [8]  DA 69 AF 02 B1 01 75 00
 (760.082146)  can0  460   [4]  00 00 41 00
 (760.082356)  can0  462   [4]  25 00 41 00
 (760.082551)  can0  464   [8]  DB 69 AF 02 AC 01 75 00
 (761.104252)  can0  460   [4]  00 00 42 00
 (761.104462)  can0  462   [4]  81 00 42 00
 (761.104654)  can0  464   [8]  DC 69 AF 02 A8 01 75 00
 (762.022198)  can0  460   [4]  00 00 42 00
 (762.022417)  can0  462   [4]  B9 00 42 00
 (762.022623)  can0  464   [8]  DD 69 AF 02 A4 01 75 00
 (763.038022)  can0  460   [4]  00 00 42 00
 (763.038235)  can0  462   [4]  5C 00 42 00
 (763.038427)  can0  464   [8]  DE 69 AF 02 A2 01 75 00
 (764.058038)  can0  460   [4]  00 00 42 00
 (764.058248)  can0  462   [4]  25 00 42 00
 (764.058441)  can0  464   [8]  DE 69 AF 02 9F 01 75 00
 (765.070230)  can0  460   [4]  00 00 42 00
 (765.070442)  can0  462   [4]  37 00 42 00
 (765.070635)  can0  464   [8]  DF 69 AF 02 9D 01 75 00
 (766.088240)  can0  460   [4]  00 00 42 00
 (766.088450)  can0  462   [4]  12 00 42 00
 (766.088643)  can0  464   [8]  DF 69 AF 02 9C 01 75 00
 (767.104256)  can0  460   [4]  00 00 43 00
 (767.104466)  can0  462   [4]  25 00 43 00
 (767.104660)  can0  464   [8]  E0 69 AF 02 9A 01 75 00
 (768.023830)  can0  460   [4]  00 00 43 00
 (768.024040)  can0  462   [4]  25 00 43 00
 (768.024235)  can0  464   [8]  E0 69 AF 02 9A 01 75 00
 (769.043842)  can0  460   [4]  00 00 43 00
 (769.044053)  can0  462   [4]  00 00 43 00
 (769.044247)  can0  464   [8]  E0 69 AF 02 99 01 75 00
 (770.063952)  can0  460   [4]  00 00 43 00
 (770.064161)  can0  462   [4]  00 00 43 00
 (770.064358)  can0  464   [8]  E0 69 AF 02 98 01 75 00
 (771.086329)  can0  460   [4]  00 00 43 00
 (771.086539)  can0  462   [4]  12 00 43 00
 (771.086730)  can0  464   [8]  E0 69 AF 02 98 01 75 00
 (772.104237)  can0  460   [4]  00 00 43 00
 (772.104449)  can0  462   [4]  00 00 43 00
 (772.104639)  can0  464   [8]  E0 69 AF 02 98 01 75 00
 (773.024606)  can0  460   [4]  00 00 43 00
 (773.024818)  can0  462   [4]  00 00 43 00
 (773.025012)  can0  464   [8]  E0 69 AF 02 98 01 75 00
 (774.048184)  can0  460   [4]  00 00 43 00
 (774.048395)  can0  462   [4]  00 00 43 00
 (774.048587)  can0  464   [8]  E0 69 AF 02 98 01 75 00
 (775.071941)  can0  460   [4]  00 00 43 00
 (775.072152)  can0  462   [4]  00 00 43 00
 (775.072343)  can0  464   [8]  E0 69 AF 02 98 01 75 00
 (804.085413)  can0  460   [4]  53 24 04 01
 (804.085628)  can0  462   [4]  5E 28 04 01
 (804.085821)  can0  464   [8]  0A 66 AF 02 49 F9 74 00
 (805.045425)  can0  460   [4]  37 00 20 01
 (805.045637)  can0  462   [4]  73 29 20 01
 (805.045831)  can0  464   [8]  B1 65 AF 02 F4 F7 74 00
 (806.107008)  can0  460   [4]  00 00 3F 01
 (806.107223)  can0  462   [4]  58 2C 3F 01
 (806.107417)  can0  464   [8]  59 65 AF 02 82 F6 74 00
 (807.059722)  can0  460   [4]  00 00 5E 01
 (807.059940)  can0  462   [4]  11 2D 5E 01
 (807.060143)  can0  464   [8]  01 65 AF 02 08 F5 74 00
 (808.015845)  can0  460   [4]  00 00 7E 01
 (808.016061)  can0  462   [4]  15 2E 7E 01
 (808.016255)  can0  464   [8]  A7 64 AF 02 85 F3 74 00
 (809.069671)  can0  460   [4]  00 00 A0 01
 (809.069884)  can0  462   [4]  E7 30 A0 01
 (809.070087)  can0  464   [8]  47 64 AF 02 EA F1 74 00
 (810.023945)  can0  460   [4]  00 00 C4 01
 (810.024203)  can0  464   [8]  E2 63 AF 02 36 F0 74 00
 (810.024936)  can0  462   [4]  B9 33 C4 01
 (810.025128)  can0  468   [2]  AC 26
 (811.093969)  can0  460   [4]  00 00 E6 01
 (811.094227)  can0  464   [8]  80 63 AF 02 93 EE 74 00
 (811.094955)  can0  462   [4]  C5 31 E6 01
 (811.095149)  can0  468   [2]  AC 26
 (812.059027)  can0  460   [4]  00 00 0B 02
 (812.059246)  can0  462   [4]  3E 35 0B 02
 (812.059438)  can0  464   [8]  18 63 AF 02 D1 EC 74 00
 (813.025568)  can0  460   [4]  00 00 31 02
 (813.025783)  can0  462   [4]  76 35 31 02
 (813.025976)  can0  464   [8]  B0 62 AF 02 0C EB 74 00
 (814.093921)  can0  460   [4]  00 00 58 02
 (814.094134)  can0  462   [4]  10 38 58 02
 (814.094326)  can0  464   [8]  44 62 AF 02 32 E9 74 00
 (815.062026)  can0  460   [4]  00 00 81 02
 (815.062284)  can0  464   [8]  D2 61 AF 02 42 E7 74 00
 (815.063018)  can0  462   [4]  61 3A 81 02
 (815.063209)  can0  468   [2]  AC 26
 (816.025602)  can0  460   [4]  00 00 AB 02
 (816.025813)  can0  462   [4]  9F 3C AB 02
 (816.026006)  can0  464   [8]  5D 61 AF 02 40 E5 74 00
 (817.092056)  can0  460   [4]  00 00 D7 02
 (817.092311)  can0  464   [8]  E2 60 AF 02 29 E3 74 00
 (817.093059)  can0  462   [4]  F0 3E D7 02
 (817.093250)  can0  468   [2]  AC 26
 (818.059982)  can0  460   [4]  00 00 05 03
 (818.060189)  can0  462   [4]  41 41 05 03
 (818.060378)  can0  464   [8]  64 60 AF 02 FE E0 74 00
 (819.031126)  can0  460   [4]  00 00 34 03
 (819.031334)  can0  462   [4]  5A 43 34 03
 (819.031522)  can0  464   [8]  E1 5F AF 02 C1 DE 74 00
 (820.097142)  can0  460   [4]  00 00 65 03
 (820.097352)  can0  462   [4]  73 45 65 03
 (820.097543)  can0  464   [8]  59 5F AF 02 72 DC 74 00
 (821.072123)  can0  460   [4]  00 00 97 03
 (821.072370)  can0  464   [8]  CE 5E AF 02 10 DA 74 00
 (821.073110)  can0  462   [4]  9E 47 97 03
 (821.073298)  can0  468   [2]  AC 26
 (822.061180)  can0  460   [4]  00 00 CB 03
 (822.061388)  can0  462   [4]  CA 49 CB 03
 (822.061578)  can0  464   [8]  3E 5E AF 02 9B D7 74 00
 (823.045979)  can0  460   [4]  00 00 00 04
 (823.046186)  can0  462   [4]  D0 4B 00 04
 (823.046374)  can0  464   [8]  AA 5D AF 02 15 D5 74 00
 (824.028084)  can0  460   [4]  00 00 37 04
 (824.028290)  can0  462   [4]  D7 4D 37 04
 (824.028478)  can0  464   [8]  12 5D AF 02 7D D2 74 00
 (825.011219)  can0  460   [4]  00 00 6F 04
 (825.011425)  can0  462   [4]  DE 4F 6F 04
 (825.011613)  can0  464   [8]  76 5C AF 02 D3 CF 74 00
 (826.099237)  can0  460   [4]  00 00 A9 04
 (826.099444)  can0  462   [4]  F7 51 A9 04
 (826.099633)  can0  464   [8]  D6 5B AF 02 18 CD 74 00
 (827.078131)  can0  460   [4]  00 00 E0 04
 (827.078334)  can0  462   [4]  9F 4D E0 04
 (827.078524)  can0  464   [8]  3F 5B AF 02 82 CA 74 00
 (828.060052)  can0  460   [4]  00 00 18 05
 (828.060258)  can0  462   [4]  A6 4F 18 05
 (828.060447)  can0  464   [8]  A3 5A AF 02 DA C7 74 00
 (829.044157)  can0  460   [4]  00 00 51 05
 (829.044365)  can0  462   [4]  AD 51 51 05
 (829.044553)  can0  464   [8]  04 5A AF 02 21 C5 74 00
 (830.031301)  can0  460   [4]  00 00 8C 05
 (830.031515)  can0  462   [4]  B3 53 8C 05
 (830.031707)  can0  464   [8]  61 59 AF 02 57 C2 74 00
 (831.022192)  can0  460   [4]  00 00 C9 05
 (831.022403)  can0  462   [4]  A7 55 C9 05
 (831.022593)  can0  464   [8]  B9 58 AF 02 7C BF 74 00
 (832.008121)  can0  460   [4]  00 00 06 06
 (832.008333)  can0  462   [4]  9B 57 06 06
 (832.008525)  can0  464   [8]  0E 58 AF 02 8F BC 74 00
 (833.097370)  can0  460   [4]  00 00 46 06
 (833.097584)  can0  462   [4]  A2 59 46 06
 (833.097777)  can0  464   [8]  5F 57 AF 02 92 B9 74 00
 (834.079365)  can0  460   [4]  00 00 86 06
 (834.079573)  can0  462   [4]  A8 5B 86 06
 (834.079766)  can0  464   [8]  AC 56 AF 02 83 B6 74 00
 (835.063377)  can0  460   [4]  00 00 C8 06
 (835.063586)  can0  462   [4]  9C 5D C8 06
 (835.063776)  can0  464   [8]  F5 55 AF 02 63 B3 74 00
 (836.043392)  can0  460   [4]  00 00 0C 07
 (836.043602)  can0  462   [4]  90 5F 0C 07
 (836.043791)  can0  464   [8]  3A 55 AF 02 32 B0 74 00
 (837.031411)  can0  460   [4]  00 00 51 07
 (837.031622)  can0  462   [4]  97 61 51 07
 (837.031816)  can0  464   [8]  7B 54 AF 02 F0 AC 74 00
 (838.013859)  can0  460   [4]  00 00 97 07
 (838.014065)  can0  462   [4]  9E 63 97 07
 (838.014257)  can0  464   [8]  B8 53 AF 02 9D A9 74 00
 (839.101440)  can0  460   [4]  00 00 DF 07
 (839.101645)  can0  462   [4]  A4 65 DF 07
 (839.101837)  can0  464   [8]  F2 52 AF 02 38 A6 74 00
 (840.085459)  can0  460   [4]  00 00 23 08
 (840.085673)  can0  462   [4]  DE 60 23 08
 (840.085865)  can0  464   [8]  34 52 AF 02 FC A2 74 00
 (841.069465)  can0  460   [4]  00 00 69 08
 (841.069675)  can0  462   [4]  F7 62 69 08
 (841.069868)  can0  464   [8]  73 51 AF 02 AE 9F 74 00
 (842.055485)  can0  460   [4]  00 00 B0 08
 (842.055699)  can0  462   [4]  10 65 B0 08
 (842.055895)  can0  464   [8]  AE 50 AF 02 4E 9C 74 00
 (843.051599)  can0  460   [4]  00 00 F9 08
 (843.051822)  can0  462   [4]  17 67 F9 08
 (843.052027)  can0  464   [8]  E4 4F AF 02 DC 98 74 00
 (844.038386)  can0  460   [4]  00 00 43 09
 (844.038594)  can0  462   [4]  30 69 43 09
 (844.038786)  can0  464   [8]  16 4F AF 02 59 95 74 00
 (845.030401)  can0  460   [4]  00 00 8F 09
 (845.030611)  can0  462   [4]  49 6B 8F 09
 (845.030799)  can0  464   [8]  44 4E AF 02 C3 91 74 00
 (846.019633)  can0  460   [4]  00 00 DC 09
 (846.019840)  can0  462   [4]  74 6D DC 09
 (846.020029)  can0  464   [8]  6E 4D AF 02 1B 8E 74 00
 (847.107564)  can0  460   [4]  00 00 2B 0A
 (847.107774)  can0  462   [4]  8D 6F 2B 0A
 (847.107974)  can0  464   [8]  94 4C AF 02 60 8A 74 00
 (848.093576)  can0  460   [4]  00 00 7C 0A
 (848.093780)  can0  462   [4]  B9 71 7C 0A
 (848.093972)  can0  464   [8]  B5 4B AF 02 94 86 74 00
 (849.081598)  can0  460   [4]  00 00 CD 0A
 (849.081813)  can0  462   [4]  F7 73 CD 0A
 (849.082003)  can0  464   [8]  D2 4A AF 02 B4 82 74 00
 (850.072393)  can0  460   [4]  00 00 21 0B
 (850.072600)  can0  462   [4]  35 76 21 0B
 (850.072788)  can0  464   [8]  EB 49 AF 02 C1 7E 74 00
 (851.071718)  can0  460   [4]  00 00 76 0B
 (851.071927)  can0  462   [4]  61 78 76 0B
 (851.072118)  can0  464   [8]  00 49 AF 02 BB 7A 74 00
 (852.077634)  can0  460   [4]  00 00 CD 0B
 (852.077837)  can0  462   [4]  9F 7A CD 0B
 (852.078027)  can0  464   [8]  10 48 AF 02 A2 76 74 00
 (853.077651)  can0  460   [4]  00 00 25 0C
 (853.077858)  can0  462   [4]  F0 7C 25 0C
 (853.078047)  can0  464   [8]  1B 47 AF 02 75 72 74 00
 (854.081684)  can0  460   [4]  00 00 7F 0C
 (854.081897)  can0  462   [4]  53 7F 7F 0C
 (854.082087)  can0  464   [8]  22 46 AF 02 34 6E 74 00
 (855.084640)  can0  460   [4]  00 00 DA 0C
 (855.084890)  can0  464   [8]  24 45 AF 02 DF 69 74 00
 (855.085640)  can0  462   [4]  A3 81 DA 0C
 (855.085827)  can0  468   [2]  64 00
 (856.087700)  can0  460   [4]  00 00 38 0D
 (856.087907)  can0  462   [4]  F4 83 38 0D
 (856.088095)  can0  464   [8]  22 44 AF 02 76 65 74 00
 (857.089719)  can0  460   [4]  00 00 96 0D
 (857.089929)  can0  462   [4]  57 86 96 0D
 (857.090117)  can0  464   [8]  1B 43 AF 02 F8 60 74 00
 (858.089735)  can0  460   [4]  00 00 F7 0D
 (858.089938)  can0  462   [4]  DF 88 F7 0D
 (858.090139)  can0  464   [8]  0F 42 AF 02 65 5C 74 00
 (859.094707)  can0  460   [4]  00 00 5A 0E
 (859.094967)  can0  464   [8]  FE 40 AF 02 BD 57 74 00
 (859.095704)  can0  462   [4]  43 8B 5A 0E
 (859.095892)  can0  468   [2]  64 00
 (860.097765)  can0  460   [4]  00 00 A1 0E
 (860.097975)  can0  462   [4]  38 66 A1 0E
 (860.098166)  can0  464   [8]  38 40 AF 02 58 54 74 00
 (861.012319)  can0  460   [4]  00 00 EB 0E
 (861.012543)  can0  462   [4]  9B 68 EB 0E
 (861.012736)  can0  464   [8]  6B 3F AF 02 DC 50 74 00
 (862.029892)  can0  460   [4]  00 00 37 0F
 (862.030102)  can0  462   [4]  24 6B 37 0F
 (862.030293)  can0  464   [8]  9A 3E AF 02 49 4D 74 00
 (863.045904)  can0  460   [4]  00 00 84 0F
 (863.046115)  can0  462   [4]  99 6D 84 0F
 (863.046305)  can0  464   [8]  C4 3D AF 02 A1 49 74 00
 (864.059831)  can0  460   [4]  00 00 D3 0F
 (864.060042)  can0  462   [4]  0F 70 D3 0F
 (864.060232)  can0  464   [8]  E9 3C AF 02 E4 45 74 00
 (865.067935)  can0  460   [4]  00 00 24 10
 (865.068150)  can0  462   [4]  97 72 24 10
 (865.068350)  can0  464   [8]  09 3C AF 02 11 42 74 00
                                                                                                                                                                                                                                                                                                                                                                                                                                                                                                                                                                                                                                                                                                                                                                                                                                                                                                                                                                                                                                                                                                                                                                                                                                                                                                                                                                                                                                                                                                                                                                                                                                                                                                                                                                                                                                                                                                                                                                                                                                                                                                                                                                                                                                                                                                                                                                                      